6.552027,3.391395
6.538046,3.21597
6.537428,3.216934
6.42905,3.410416
9.114944,7.406791
6.506357,3.364563
11.82146,13.14299
9.030453,7.491953
6.197856,6.726315
8.470203,-13.249204
6.448966,3.623828
9.067331,7.411524
13.016123,5.227744
10.328508,9.844795
6.59461,3.37085
12.04202,8.48462
6.533645,3.405762
6.514544,3.381042
9.057513,7.464219
13.035934,5.249522
11.68145,10.195408
6.581428,3.279519
6.667767,3.202224
11.835659,13.142553
6.448966,3.623828
9.037285,7.529435
6.488619,3.359756
6.557604,3.36621
6.506357,3.364563
6.6371,3.55739
6.397975,-10.782629
6.448966,3.623828
6.572363,3.362705
9.639356,-13.610148
9.03937,7.48455
6.52128,3.3816
9.053486,7.479885
5.18135,7.70964
6.448966,3.623828
6.52128,3.3816
5.1807,7.7094
5.1807,7.7094
5.1807,7.7094
5.18102,7.70867
12.986902,7.624645
9.062755,7.51901
4.764181,7.019762
9.062755,7.51901
9.053486,7.479885
9.053486,7.479885
6.638284,3.399815
8.142607,4.74136
6.52128,3.3816
4.863795,7.055007
12.986902,7.624645
10.328508,9.844795
12.986902,7.624645
6.459951,7.496581
6.54879,3.25713
6.626005,3.336047
9.178331,7.213276
7.742558,4.435264
6.52128,3.3816
6.580211,3.335286
6.511815,3.389282
12.986902,7.624645
12.986902,7.624645
12.986902,7.624645
9.17556,7.219269
4.973389,8.337332
5.51988,7.04997
5.51988,7.04997
12.986902,7.624645
7.32875,3.89208
7.32875,3.89208
7.32875,3.89208
6.427967,3.449638
6.52128,3.3816
6.639135,3.332494
6.26254,6.20279
4.82674,6.997948
9.062755,7.51901
6.633097,3.367088
6.488619,3.359756
6.488619,3.359756
6.1333,6.76856
4.77541,7.01998
4.74528,7.04486
9.053486,7.479885
6.534347,3.361933
9.062755,7.51901
6.52128,3.3816
6.488619,3.359756
6.511815,3.389282
6.199275,6.732541
7.440449,3.898429
6.524616,3.323492
6.533645,3.405762
6.522048,3.378296
6.449567,3.470575
13.038532,5.225933
7.51901,9.062755
6.540501,3.320921
6.506357,3.364563
6.65228,3.32549
4.86261,7.06303
9.062755,7.51901
4.808714,6.99501
7.388389,3.93222
10.543134,7.461371
10.543134,7.461371
7.48141,5.7356
6.51554,3.3038
10.570459,7.460128
7.51901,9.062755
4.79019,7.03616
6.506357,3.364563
6.506357,3.364563
6.533645,3.405762
6.612302,3.331511
8.846847,3.756402
6.385071,5.61294
6.488619,3.359756
6.505916,3.356443
7.5019,4.57227
6.550671,3.362166
10.28215,11.17504
4.972973,7.939798
6.297029,-10.792723
10.558366,7.464843
9.062755,7.51901
6.476214,3.274787
9.062755,7.51901
6.522048,3.378296
7.464314,3.895717
6.778834,3.421401
9.112695,7.400473
7.51901,9.062755
6.514544,3.381042
9.034864,7.475379
6.623022,3.371056
7.372334,3.973
6.636313,3.376105
9.049267,6.569359
6.56986,3.37729
6.514544,3.381042
7.51901,9.062755
10.290923,9.833537
10.58386,7.465827
6.257686,7.106692
6.42279,3.41416
9.062755,7.51901
6.34807,5.608646
10.54843,7.451176
6.209734,-1.681888
6.488619,3.359756
11.983814,8.541621
8.977586,7.480939
6.741257,6.142822
8.987883,7.439955
6.522048,3.378296
6.516666,3.387341
6.448966,3.623828
7.51901,9.062755
6.514544,3.381042
9.061633,7.457308
9.061643,7.457263
6.469291,3.646608
6.514217,3.386839
6.517749,3.383503
6.511815,3.389282
6.590462,3.361368
9.040038,7.493967
4.86219,6.9708
8.484928,-13.264557
8.95332,7.45768
4.090349,9.752131
9.062755,7.51901
8.977256,7.480916
13.022975,5.227547
8.951815,7.078115
7.452496,3.914581
9.062755,7.51901
5.659646,-0.128768
6.533645,3.405762
4.776338,7.05206
6.436734,3.468498
6.439096,2.899666
6.5933,3.29112
7.449634,3.896262
7.51901,9.062755
10.533117,7.416912
6.440866,2.899728
4.090349,9.752131
8.997238,7.486006
12.088257,8.562071
6.436734,3.468498
6.63862,3.35459
6.488619,3.359756
6.432057,3.453048
8.997238,7.486006
6.48538,3.38783
9.052966,7.456908
9.012713,7.409759
5.656253,-0.066467
9.060431,7.461139
6.47877,7.51679
6.517423,3.356725
5.602244,-0.185265
4.859419,7.060778
12.019849,8.512067
10.516002,7.403274
8.85156,5.41811
12.014524,8.508198
6.623343,3.361902
9.104129,7.380013
9.021811,7.524034
10.562029,7.452977
9.654905,6.52902
10.54546,7.42751
5.752367,-0.1822
9.062755,7.51901
9.65373,6.529001
5.752367,-0.1822
6.519355,3.348112
12.986902,7.624645
9.00155,7.484222
6.519355,3.348112
5.654467,-0.227212
11.823273,13.083649
3.87456,11.4886
6.42671,3.476028
9.02651,7.4657
9.02651,7.4657
6.62276,3.361461
5.015954,8.326533
5.015912,8.326565
6.68611,3.25865
6.448966,3.623828
7.51901,9.062755
9.00022,7.46572
5.608853,-0.202205
4.078821,9.76892
9.012865,7.46847
6.448966,3.623828
6.448966,3.623828
11.974423,8.47012
13.070548,5.254269
6.500692,3.594355
8.997238,7.486006
12.87624,11.02286
6.500692,3.594355
6.09825,0.12727
8.995081,7.486898
6.487678,3.327982
5.605215,-0.124766
6.488619,3.359756
6.731488,-1.606648
6.448966,3.623828
6.43856,3.43629
9.103739,7.407784
5.69272,-0.190282
6.488619,3.359756
5.636742,-0.185371
5.527784,-0.260518
5.527784,-0.260518
5.570302,-0.205991
4.084839,9.673515
5.581904,-0.154433
6.448966,3.623828
5.68988,-0.22204
6.310071,-10.807524
6.488619,3.359756
6.488619,3.359756
8.960171,11.372922
4.017093,9.706025
6.47304,3.73094
6.488619,3.359756
8.972754,7.480649
8.97277,7.480586
8.972709,7.480695
6.432104,3.459356
5.638846,-0.092852
6.488619,3.359756
7.33338,9.00721
5.671315,-0.201157
5.67227,-0.15311
6.533645,3.405762
6.448966,3.623828
5.642016,-0.243039
6.533645,3.405762
6.488619,3.359756
9.062755,7.51901
6.495441,3.383789
6.515011,3.382567
9.149703,7.338146
9.062755,7.51901
5.654869,-0.016978
7.51901,9.062755
6.488619,3.359756
6.508907,3.336297
5.02464,7.91266
4.866825,6.997677
8.960068,11.372993
6.54936,3.25675
8.959965,11.373064
9.062755,7.51901
6.197856,6.726315
6.94909,3.91329
8.99222,7.45922
6.213082,7.063726
6.54695,3.257
9.93463,8.87978
7.507377,4.520616
6.70554,3.338
6.48652,3.29768
8.99259,7.45951
6.48652,3.29768
6.55776,3.23142
8.99259,7.45951
8.99259,7.45951
7.134017,3.323908
6.197856,6.726315
9.93525,8.87994
5.488446,7.482265
9.062755,7.51901
6.448966,3.623828
8.99222,7.45922
7.51901,9.062755
5.588096,-0.244363
6.58239,3.08753
9.00036,7.46599
6.506357,3.364563
5.588096,-0.244363
3.83164,11.54009
6.19257,6.712356
6.45161,3.36036
7.795095,6.707756
8.99259,7.45951
7.204942,5.581179
4.812861,7.003433
3.932292,11.522555
6.197856,6.726315
6.45391,3.3604
3.81074,11.53492
6.502043,3.353823
9.079844,7.422412
7.771207,6.733824
6.533645,3.405762
6.522048,3.378296
9.02596,7.57263
6.511815,3.389282
8.998765,7.465562
9.02697,7.57018
5.639104,-0.072178
8.99259,7.45951
5.636742,-0.076263
5.639104,-0.072178
6.448966,3.623828
10.543908,7.417288
9.079976,7.458164
10.511756,7.402121
6.511815,3.389282
6.586197,3.34503
5.56583,-0.193159
5.34094,6.6584
11.153697,7.655009
6.497735,3.33622
8.95702,7.3435
6.448966,3.623828
6.448966,3.623828
11.9587,8.52392
6.57331,3.36776
6.5496,3.25741
6.488619,3.359756
5.656502,-0.154868
6.5496,3.25741
6.54934,3.25541
9.021891,7.565455
6.55004,3.25677
7.50963,4.55224
9.021891,7.565455
6.454304,3.253073
6.642217,3.352053
10.492,7.3975
6.614884,3.303597
6.069691,0.492934
6.197856,6.726315
12.027276,8.558687
5.123514,-1.290299
5.665454,-0.029469
5.58273,-0.208472
11.44951,9.48177
4.779371,7.009414
7.350683,3.84613
7.349084,3.845589
6.52128,3.3816
5.579688,-0.265859
4.960366,7.028038
6.604124,3.256091
6.54143,3.25895
4.059117,9.701411
11.15341,7.65312
11.15341,7.65312
11.15326,7.65318
4.79983,6.96332
6.54923,3.25723
9.21273,12.47607
6.604225,3.251731
9.21273,12.47607
5.18092,7.71011
6.52128,3.3816
6.199596,6.70237
5.642016,-0.243039
9.05634,7.351091
6.429995,3.520796
11.15341,7.65312
6.431713,3.523253
6.431117,3.427082
11.15326,7.65318
7.38083,3.935552
6.448966,3.623828
6.49182,3.38594
9.30769,2.315834
8.995081,7.486898
5.555717,-0.219916
4.017984,9.706272
6.461218,3.162652
6.09825,0.12727
6.314154,-10.803639
10.524838,7.396761
5.18041,7.6988
6.504165,3.351113
6.449532,3.406509
5.304991,-1.976107
5.567627,-0.186055
6.09825,0.12727
6.504165,3.351113
6.608362,3.309147
9.053338,7.479217
9.21618,12.47367
6.287781,-10.770598
7.7232,8.55458
6.286564,-10.769795
3.899792,11.498156
6.199596,6.70237
9.062755,7.51901
6.488619,3.359756
4.803344,7.000596
6.42995,7.502304
4.74524,7.04479
6.713393,-1.511765
6.397966,-10.782641
6.489441,3.195135
6.730247,-1.562826
6.475865,3.771123
5.18025,7.69852
7.51901,9.062755
10.529765,7.390715
6.47112,3.28786
6.489441,3.195135
9.530771,6.451846
5.570743,-0.268608
5.623627,-0.068979
6.697767,-1.622555
9.062755,7.51901
7.44358,3.91938
6.53828,3.37428
5.66793,-0.13761
4.051576,9.718832
6.448966,3.623828
6.645014,3.352985
5.746519,0.091278
7.51901,9.062755
6.71056,-1.61612
13.0165,5.227884
6.615391,3.365369
6.6154,3.36537
6.488619,3.359756
9.062755,7.51901
9.084714,7.472702
9.062755,7.51901
6.506357,3.364563
9.023318,7.562179
6.488619,3.359756
7.155687,3.317566
6.555434,3.368613
5.1807,7.71121
8.9333,7.084117
6.515894,3.347236
6.55669,3.34644
5.63538,-0.07621
12.329127,-1.525736
7.51901,9.062755
6.645014,3.352985
6.603027,3.359925
7.410564,3.924533
6.65175,3.28087
6.602409,3.357438
6.488619,3.359756
9.062755,7.51901
8.99404,7.43625
6.713927,-1.495715
6.533645,3.405762
6.638884,3.412341
6.503307,3.35031
5.605277,-0.277553
5.746519,0.091278
9.543984,-13.670071
9.543734,-13.67024
6.533645,3.405762
5.024233,7.936077
5.562984,-0.172136
5.563477,-0.171318
5.566692,-0.184318
5.562817,-0.170153
5.643095,-0.148944
6.514544,3.381042
5.678745,-0.242738
5.638846,-0.092852
9.029728,7.494382
6.44808,3.357966
6.488619,3.359756
5.18031,7.69884
5.665454,-0.029469
5.716443,-0.193665
6.517489,3.356732
6.6194,-1.561907
6.488619,3.359756
6.488619,3.359756
6.71833,3.2362
4.973392,8.337331
6.511815,3.389282
4.973392,8.337331
6.313271,-10.800601
6.533645,3.405762
6.313271,-10.800601
6.488619,3.359756
6.536843,3.337034
6.503307,3.35031
7.155614,3.318039
7.420352,3.83595
7.151686,3.309179
7.499483,4.524755
6.488619,3.359756
5.647523,-0.158261
4.804929,7.008862
13.038071,5.22695
5.765945,6.834777
13.02576,5.2221
6.522048,3.378296
6.52128,3.3816
13.037962,5.22715
9.062755,7.51901
6.487616,3.338714
6.44755,3.32989
7.152652,3.315418
10.43584,7.40869
8.155527,4.693471
6.514544,3.381042
4.383069,-7.698483
4.920193,-1.776641
6.504165,3.351113
6.488619,3.359756
6.57538,3.36979
5.1804,7.6986
5.18041,7.69861
12.989236,7.619396
6.533645,3.405762
7.388499,3.882219
7.51901,9.062755
6.488619,3.359756
7.42574,3.89001
13.036948,5.227187
7.145216,3.310295
4.778073,7.010117
4.017984,9.706272
6.511815,3.389282
7.403291,3.9049
9.062755,7.51901
7.286045,5.156347
5.746519,0.091278
6.548342,3.238401
7.423423,3.888447
6.533645,3.405762
7.478125,5.739958
8.975237,7.456571
5.621862,-0.057546
6.504596,3.377835
5.746519,0.091278
7.478125,5.739958
7.51901,9.062755
7.478125,5.739958
9.594745,8.306206
6.361664,2.463957
6.641912,-1.60871
6.439569,3.524838
6.36282,2.465271
6.432432,3.463244
6.472373,3.625118
6.513799,3.311365
5.61154,-0.189491
5.67281,-0.27496
5.635492,-0.150303
7.478221,5.736631
9.594586,8.306239
6.609717,3.35438
5.595055,-0.25511
6.601579,3.352018
6.500397,3.345291
6.488619,3.359756
5.619616,-0.181618
3.916627,11.571032
3.916627,11.571032
5.561132,-0.225046
6.488619,3.359756
6.197856,6.726315
6.514544,3.381042
6.699568,3.519822
10.288367,9.838757
5.649999,-0.106212
6.50816,3.31875
5.18109,7.71078
6.297191,-10.790355
7.32703,3.88915
7.32703,3.88915
7.32703,3.88915
7.32703,3.88915
5.13119,7.33737
6.551289,3.355293
7.32703,3.88915
9.424289,-0.841663
5.6071,-0.188145
5.6071,-0.188145
7.78874,4.586216
6.506357,3.364563
9.011117,7.657974
5.765945,6.834777
5.765945,6.834777
6.488619,3.359756
5.18054,7.70995
6.699568,3.519822
5.18068,7.71003
6.683169,3.516171
6.360762,2.399651
9.065363,7.469304
5.601991,-0.238028
6.511815,3.389282
6.598974,3.353086
7.21962,5.21406
5.587248,5.82023
6.601426,3.351879
6.846956,3.92795
6.451978,3.294533
6.506357,3.364563
6.533645,3.405762
6.296363,-10.790616
11.150197,-4.324662
6.840326,3.905593
6.27875,5.53138
6.615028,3.382161
7.14601,3.3238
7.38083,3.935552
6.488619,3.359756
7.38083,3.935552
8.530684,7.71777
6.438871,3.455694
6.533645,3.405762
7.44354,3.92027
6.57137,3.398556
9.45408,-0.00555
6.438721,3.455452
8.485108,-13.243084
8.95461,7.45566
6.488619,3.359756
9.062755,7.51901
9.02847,7.473706
6.27761,5.52979
6.533645,3.405762
5.63774,-0.07187
6.27761,5.52979
6.313271,-10.800601
9.02987,7.493909
6.397966,-10.782641
5.55479,5.8226
6.506357,3.364563
9.03202,7.486845
7.471904,5.736598
6.581673,3.323904
6.652734,3.316794
4.83832,7.0463
6.448966,3.623828
6.654093,3.317512
6.488619,3.359756
5.18076,7.70994
13.023006,5.227554
7.65075,5.23488
10.272344,11.195888
10.276768,11.202711
10.276768,11.202711
7.471777,5.735195
5.487835,7.540728
5.664583,-0.128767
11.968959,6.912849
6.474286,3.70825
7.471904,5.736598
6.488619,3.359756
7.471904,5.736598
6.506357,3.364563
6.470474,3.662285
4.017984,9.706272
7.380806,3.934121
4.892059,8.055745
7.504126,4.514972
6.64223,3.262996
6.61155,3.37601
9.036893,7.526017
11.967269,8.554495
4.76409,7.019669
3.87456,11.48848
4.76409,7.019669
6.838775,3.194924
13.0142,5.25262
4.032123,9.780744
9.880176,8.897683
5.558976,-0.224805
5.719801,-0.011089
6.197935,6.702578
6.633037,3.334694
7.73276,4.42501
7.791916,6.740669
6.68208,3.19659
7.137486,3.388584
6.47877,7.51679
6.636592,3.365883
7.11347,3.32171
6.548201,3.339194
6.448966,3.623828
6.70867,3.31896
8.485244,-13.243617
6.115446,-0.003816
6.483749,3.334987
5.87864,5.709095
6.14331,6.89127
6.648916,3.372179
9.06752,7.452644
6.511815,3.389282
6.489326,3.192937
9.076427,7.41745
5.878602,5.70906
5.878676,5.709156
11.982741,8.489009
5.561209,-0.246492
5.654529,-0.005581
6.67961,3.52403
7.521425,4.516153
5.570684,-0.26876
5.631727,-0.009649
5.634984,-0.249127
6.71013,3.31899
6.659291,3.330555
9.076737,7.417636
9.559337,-13.663589
9.559337,-13.663589
7.405405,3.833779
6.522048,3.378296
6.522048,3.378296
8.99259,7.45951
6.448966,3.623828
6.57986,3.261681
9.559337,-13.663589
6.444155,3.503761
6.634192,3.389493
6.4385,3.4363
13.001591,7.597003
8.99259,7.45951
9.094973,7.477145
6.488619,3.359756
9.094973,7.477145
6.488619,3.359756
5.56519,-0.15201
5.5645,-0.14839
6.658854,3.346254
6.488619,3.359756
4.033065,9.686518
4.92021,-1.7674
9.63916,-13.610182
6.335294,-10.789254
5.5645,-0.14839
6.605448,3.35878
6.442366,3.500455
6.441048,3.420757
6.440979,3.420929
11.986921,8.526174
5.561157,5.765063
6.292351,-10.685049
6.2929,-10.67608
6.50959,3.357365
6.520346,3.314395
5.552083,-0.27175
5.620985,-0.278153
6.488619,3.359756
6.461301,3.550183
6.488619,3.359756
8.134081,5.098199
6.461301,3.550183
6.432432,3.463244
6.448966,3.623828
6.46116,3.549659
6.205062,6.683254
6.448966,3.623828
4.97979,8.35514
6.47281,7.512
4.97979,8.35514
6.506357,3.364563
6.506357,3.364563
6.605731,3.310559
13.0165,5.227884
6.528365,3.377783
6.448966,3.623828
9.062755,7.51901
6.448966,3.623828
6.197856,6.726315
9.062755,7.51901
7.818305,6.044565
9.01052,7.56374
10.51931,7.40386
6.63349,3.294183
6.429993,3.426271
8.955856,7.373883
7.51901,9.062755
8.93444,7.07475
6.448966,3.623828
4.82228,7.09374
6.459881,3.357647
6.472774,7.53671
6.533645,3.405762
5.56424,-0.274588
6.18478,6.7161
12.474329,10.059786
10.490287,7.435815
4.886307,7.142841
6.511815,3.389282
6.197856,6.726315
6.608866,3.289534
6.257863,-10.716044
4.778779,7.00168
9.05306,7.459979
4.77878,7.001679
7.84985,6.72857
5.005407,7.947016
6.471349,7.517994
7.5024,4.57214
6.518193,3.310522
6.517272,3.383789
5.490754,7.019224
5.01959,7.94129
6.466956,3.659741
6.506357,3.364563
11.153984,7.658568
5.63627,-0.0739
9.14842,7.3177
11.153984,7.658568
4.89555,6.90382
5.005407,7.947016
4.89555,6.90382
6.514544,3.381042
4.695804,7.158151
6.446909,3.393955
9.113694,7.475803
5.697334,-0.01436
5.116222,7.383967
5.559092,-0.266272
5.698329,-0.004554
9.88387,8.875174
3.773304,11.524388
4.928609,6.2909
5.688811,-0.009533
6.400035,7.49425
6.506357,3.364563
5.616437,-0.186038
6.474122,3.617687
5.686026,-0.146655
5.636994,-0.149911
5.637003,-0.149934
5.530252,-0.391368
6.660194,3.326152
7.768118,4.534969
9.014572,7.563493
5.5645,-0.14839
10.269387,9.791994
6.514544,3.381042
9.094439,7.414149
6.472938,3.613924
6.511815,3.389282
6.448966,3.623828
9.092915,7.416382
6.603321,3.371146
9.092916,7.416381
9.092916,7.416381
6.67756,3.269844
6.500373,3.376338
8.97308,7.46344
7.355845,3.873421
5.556032,-0.335776
9.092916,7.416381
6.684655,3.262434
5.543718,-0.33628
9.044638,7.49232
6.488619,3.359756
6.639151,3.333153
13.0165,5.227884
9.094439,7.414149
6.61457,3.34521
5.42886,-2.141146
6.446818,3.4713
8.485239,-13.243451
9.060691,7.507849
9.02964,7.498401
6.61458,3.34523
4.79923,7.00386
10.276759,11.202728
9.173349,7.186283
5.548431,-0.270171
9.087505,7.46454
10.275973,11.198896
6.58569,3.35175
7.491582,4.528892
9.077096,7.463567
4.79047,7.03936
7.889424,4.651173
6.30828,5.61512
5.40477,6.96915
6.105592,-0.249691
9.00318,7.45492
6.19296,6.54111
6.463986,3.31402
6.588233,3.340185
5.765945,6.834777
10.516512,7.417811
6.488619,3.359756
6.197856,6.726315
6.522048,3.378296
7.491582,4.528892
9.065266,7.454182
6.19296,6.54111
9.058472,7.466525
11.975537,8.53239
6.15699,6.8114
6.514544,3.381042
5.626931,-0.264417
11.143205,7.694144
7.344873,3.856947
5.626931,-0.264417
11.156169,7.653299
9.12958,7.49282
3.847167,11.553018
3.892104,11.508368
7.330779,3.861653
8.99427,7.367488
6.43873,3.435464
9.01058,7.477609
9.569427,-13.647317
6.13124,6.793606
6.488619,3.359756
7.294776,5.160969
6.695109,3.353684
6.47933,7.48135
6.448966,3.623828
10.54672,7.42686
9.650705,6.514054
5.616181,-2.563994
5.60705,-0.20809
5.765945,6.834777
4.95915,6.36374
5.560059,-0.271976
12.321317,-1.500851
5.639085,-0.072195
5.734703,-0.155837
5.613878,-0.083805
8.946769,7.082109
7.505062,4.54514
5.703276,-0.002646
9.038768,7.461361
6.506357,3.364563
5.530419,-0.392128
6.542527,3.3269
5.606927,-0.208321
9.583051,6.517517
9.062755,7.51901
5.686026,-0.146655
6.511815,3.389282
5.598162,-0.151987
4.949826,7.023795
6.448966,3.623828
9.551941,-13.671844
6.435383,3.353639
9.551942,-13.671843
9.551941,-13.671844
6.436845,3.430309
9.551941,-13.671843
5.552084,-0.27175
6.42028,3.33144
6.468076,3.374457
9.962129,8.894815
12.008107,8.56834
9.062755,7.51901
6.533645,3.405762
6.469258,3.646599
6.665622,3.365466
6.469257,3.646598
6.313271,-10.800601
6.679217,3.283575
7.478074,5.739968
5.572601,-0.270742
12.027266,8.558681
10.25554,9.77516
11.9442,8.56873
9.037969,7.497074
6.46778,7.48921
7.40265,3.94237
6.511815,3.389282
9.079832,7.417247
9.15296,7.33769
6.65191,-1.58474
4.778073,7.010117
8.972973,7.260019
7.29613,5.16968
6.46201,3.382028
6.819889,3.923076
9.647684,6.536619
8.997238,7.486006
11.97084,8.42491
6.52192,3.33576
6.488619,3.359756
4.800364,7.036241
9.076701,7.463402
9.053544,7.507956
6.305906,5.623891
6.440774,3.417177
8.387081,-13.141797
6.45627,3.429227
5.649242,-0.177021
6.522048,3.378296
4.94503,8.33821
6.482523,3.3328
6.672765,3.453739
9.062755,7.51901
6.578095,3.362347
6.514544,3.381042
7.51901,9.062755
9.15982,7.32137
5.61637,-0.196826
6.533645,3.405762
6.313273,-10.800599
9.0004,7.278666
9.062755,7.51901
13.038105,5.226977
8.957202,7.252515
6.514544,3.381042
10.313104,9.822682
6.448816,3.52868
6.465922,7.472941
10.313104,9.822682
6.313271,-10.800601
7.450995,3.957685
6.0149,6.91833
6.384901,2.757413
4.95705,7.01038
5.614312,-0.195688
6.394923,2.810184
6.0149,6.91833
11.984489,8.543022
12.457106,4.194774
5.765789,6.83385
6.48155,3.29594
5.601931,-0.176194
6.626669,3.333699
6.48371,3.29343
4.785886,7.054905
4.895779,6.902699
6.467008,3.303692
7.12559,3.33339
6.46838,7.49559
6.21219,6.70153
9.54347,-13.670417
5.639085,-0.072195
6.514544,3.381042
5.639085,-0.072195
6.506357,3.364563
4.80367,6.97212
10.542457,7.41399
12.00248,8.52258
6.68216,3.27144
9.087528,7.464542
6.448775,3.393778
9.122458,7.280742
9.122458,7.280742
4.786033,7.05687
6.511815,3.389282
5.241744,6.625661
6.01522,6.91829
6.01522,6.91829
7.775101,4.54815
6.01522,6.91829
6.09052,-0.260565
6.469257,3.646597
6.01527,6.92266
6.62477,3.341482
6.13646,6.82107
6.645079,3.390093
7.775101,4.54815
6.496726,3.343134
5.648557,-0.175279
7.775101,4.54815
6.475199,3.172356
5.38815,7.003447
6.51045,3.359756
6.639043,3.33326
6.313273,-10.800599
9.141407,7.304738
4.951275,8.336436
6.486548,3.331732
5.786081,-0.13959
11.67901,10.19221
6.488619,3.359756
5.722356,-0.30461
5.555956,-0.162238
5.618511,-0.184556
9.543973,-13.670083
6.506357,3.364563
6.197856,6.726315
4.017988,9.706267
4.091114,9.750651
6.46845,3.38981
5.550944,-0.276797
6.587692,3.401891
6.51045,3.359756
6.206722,6.684893
5.699788,-0.025591
4.944909,8.336467
6.46474,7.4957
5.627252,-0.121546
5.62726,-0.12152
9.062755,7.51901
5.697547,-0.195462
6.506357,3.364563
7.418304,3.93122
5.765827,6.834287
6.51045,3.359756
6.533645,3.405762
7.51901,9.062755
7.570387,-1.929701
7.306935,3.868624
6.60262,3.34764
7.80584,6.67838
6.60418,3.38183
6.514544,3.381042
6.468337,3.561519
6.430859,3.438087
6.60418,3.38183
6.488619,3.359756
6.430876,3.438322
6.448966,3.623828
6.397966,-10.782641
6.603036,0.46557
5.576234,-0.203765
9.143577,7.361369
5.500913,5.814457
9.062755,7.51901
6.593329,3.384995
11.15394,7.65217
6.448966,3.623828
6.654964,3.367919
6.506357,3.364563
11.982939,8.539395
6.475233,3.605925
6.575303,3.34342
6.488619,3.359756
6.523728,3.326485
6.448966,3.623828
6.48651,3.331638
6.772671,-1.600002
6.772671,-1.600002
5.630173,-0.157737
6.535823,3.352258
6.653347,3.313606
4.031142,9.714962
9.062755,7.51901
6.448966,3.623828
6.509802,3.34552
4.031142,9.714962
7.85874,7.51548
6.514544,3.381042
6.514544,3.381042
7.85874,7.51548
6.593329,3.384995
8.88763,7.24231
6.4208,2.72197
9.15043,7.33978
6.297286,-10.792688
3.801244,11.52611
12.34902,9.867987
9.081199,7.416116
12.349032,9.867959
3.842673,11.49994
9.081122,7.417271
6.197856,6.726315
6.448966,3.623828
7.77847,4.5221
4.861202,7.057901
6.13322,6.8158
6.436,3.96936
6.684465,3.193715
12.349021,9.867977
5.686026,-0.146655
6.669421,3.15314
6.470481,3.285492
12.328513,-1.50457
6.13356,6.81655
12.983737,7.62674
6.47624,3.292161
6.497752,3.591668
5.594478,-0.084027
7.798239,5.325589
6.13462,6.81685
7.338864,3.850445
5.627337,-0.121995
5.630198,-0.239118
4.097983,9.745966
6.488619,3.359756
7.344873,3.856947
9.105118,7.379539
3.879802,11.492529
10.572508,7.462641
6.533645,3.405762
8.51595,4.59065
6.80338,3.9145
10.29652,11.15151
10.54926,7.44334
5.807425,-0.120983
5.807425,-0.120983
6.555379,3.395201
6.516665,3.387334
6.516665,3.387334
11.800478,13.185894
9.035623,7.520947
10.54616,7.44061
6.488619,3.359756
9.080949,7.417908
5.530984,-0.246707
9.001038,7.463851
12.507353,4.632789
9.095173,7.48052
5.566976,5.790654
5.626002,-0.234786
6.78815,3.424631
9.095173,7.48052
6.507857,3.392237
6.610101,3.324586
5.55956,-0.15607
12.336294,-1.581307
5.663151,-0.021788
13.013547,5.230876
13.014609,5.227721
5.575941,-0.266144
12.36149,-1.481624
10.572022,7.462839
10.506545,7.451956
10.572022,7.462839
9.095173,7.48052
6.488619,3.359756
6.661208,3.362059
5.625157,-0.135675
5.625164,-0.135688
5.625167,-0.135692
5.625161,-0.13566
6.506357,3.364563
3.87827,11.52784
6.488619,3.359756
6.51045,3.359756
6.74662,6.089399
6.48179,3.33138
4.950771,7.024564
6.448064,3.357691
5.88175,5.689851
5.632602,-0.078106
6.397966,-10.782641
6.488619,3.359756
6.54494,3.23747
6.54494,3.23747
6.54494,3.23747
6.54494,3.23747
6.54494,3.23747
10.570838,7.463722
6.54494,3.23747
6.443498,3.480657
6.443402,3.480637
7.4198,3.87382
13.0165,5.227884
6.44342,3.480641
8.84366,7.86795
8.84366,7.86795
9.85626,8.86388
5.500913,5.814457
5.500913,5.814457
6.437426,3.428057
6.456249,3.383789
6.446841,3.471289
3.882309,11.565622
6.531217,3.297444
7.14169,3.36436
6.515016,3.365876
6.452173,3.554661
6.448966,3.623828
6.197856,6.726315
11.966874,8.556076
6.59682,3.40443
4.844524,7.029419
6.601612,3.281062
6.646338,3.363699
7.80379,6.68975
9.04932,7.52615
3.80939,11.53496
7.443807,3.897658
6.68829,3.30038
5.605927,-0.225814
3.80926,11.53482
6.471914,7.527573
10.477309,7.435169
7.335481,3.860083
6.506357,3.364563
6.472779,7.536694
4.829274,7.001615
5.807425,-0.120983
7.37341,3.848845
6.473497,3.276067
7.37341,3.848845
10.03848,-2.5268
6.476055,3.274862
9.002132,7.470149
9.121807,7.382085
9.121807,7.382085
6.6084,3.37709
7.287945,5.186404
7.773138,4.579596
5.583443,-0.296524
3.913431,11.483473
6.44407,3.26554
7.225392,3.332813
6.615152,3.472072
4.64395,7.93712
5.570677,-0.268729
6.4473,3.26398
6.48997,3.38157
6.4473,3.26398
5.733147,0.041459
6.67956,3.29589
9.01728,7.47185
6.55185,3.37344
7.237223,3.297801
13.034578,5.228663
5.577532,-0.294207
6.299964,-10.79413
6.511815,3.389282
5.580232,-0.299313
6.297226,-10.79272
6.52128,3.3816
7.511054,4.526123
6.511815,3.389282
5.711605,-0.14803
6.533645,3.405762
6.52128,3.3816
6.511815,3.389282
6.48875,3.19763
9.06508,7.45835
9.1042,7.422293
6.348244,-10.732528
4.918482,-1.776092
12.00948,8.55392
6.348244,-10.732528
6.52128,3.3816
6.533645,3.405762
4.81987,7.090112
12.00953,8.554
10.45262,7.44409
6.52128,3.3816
8.990771,7.430451
6.587059,3.385323
6.506357,3.364563
5.126476,-1.266654
6.548196,3.363067
5.580232,-0.299313
7.64309,4.76448
6.530072,3.244894
8.485286,-13.243499
12.333683,-1.490252
6.63319,3.5422
4.806891,7.004442
5.544724,-0.211292
9.235349,12.442964
7.725823,8.55672
9.062755,7.51901
6.452533,3.42084
11.95902,8.52416
6.543703,3.367563
8.485292,-13.243544
6.57027,3.363
6.506357,3.364563
4.833564,6.958494
6.52128,3.3816
9.081081,7.481156
9.13829,7.38163
7.51901,9.062755
11.44996,9.48171
6.576442,3.341858
5.068026,8.3482
6.514544,3.381042
6.761652,3.41722
5.572601,-0.270739
9.062755,7.51901
6.522048,3.378296
6.615959,0.469089
11.97314,8.427779
5.639085,-0.072195
6.562195,3.379803
4.017988,9.706263
6.488619,3.359756
7.51901,9.062755
10.54508,7.4279
6.428493,3.423029
6.304764,5.626113
5.572601,-0.270742
6.580354,3.404205
9.1042,7.422293
6.522048,3.378296
6.435095,3.495125
9.081122,7.418086
6.562195,3.3798
5.591494,-0.256922
5.769884,-0.327971
5.565705,-0.212443
9.108784,7.385897
6.471744,3.610161
7.977181,3.587375
6.48997,3.38157
4.808713,6.995418
10.5029,7.40168
9.081122,7.41815
9.081122,7.41815
6.533645,3.405762
9.081026,7.417745
6.6176,3.33072
5.606635,-0.208112
7.460581,3.271465
9.080959,7.416354
6.46194,3.33075
9.080971,7.416235
9.081084,7.417674
9.080998,7.416795
12.22295,4.37799
9.081113,7.417795
9.080255,7.414427
3.91662,11.54266
9.080754,7.415932
6.514544,3.381042
10.313121,9.822687
5.633862,-0.160525
9.081101,7.417037
9.076742,7.417599
9.048793,7.523954
9.081122,7.41815
6.462493,3.701899
8.971433,7.481132
4.79893,7.002984
4.923725,-1.767562
3.847312,11.564776
9.081122,7.417102
7.44959,3.89585
6.522048,3.378296
9.081122,7.417102
6.44921,3.393975
6.379682,2.452008
6.33368,5.622414
9.062755,7.51901
6.51758,3.33457
9.081122,7.41815
9.116879,7.409431
9.08112,7.417102
6.760429,3.248495
7.51901,9.062755
6.760429,3.248495
7.977181,3.587375
5.561674,-0.231593
5.595832,-0.196878
6.614716,3.362215
5.561674,-0.231593
11.153969,7.658499
9.062755,7.51901
6.628073,3.382989
6.614728,3.362242
11.153969,7.658499
5.561674,-0.231593
9.081122,7.417102
9.081122,7.417102
7.824601,6.071883
5.621869,-0.057546
9.081107,7.417009
6.699541,-1.558837
6.898587,3.004246
7.62863,4.16114
10.572022,7.462839
5.565722,-0.207469
4.78623,7.11815
7.45939,3.91654
6.292981,-10.776927
6.533645,3.405762
11.083796,7.722405
4.79976,6.96324
6.533645,3.405762
5.11098,7.3704
5.55131,-0.271359
7.10599,3.33128
12.35489,9.87125
4.018069,9.791338
9.069832,7.489764
5.549267,-0.227845
4.95857,7.00689
3.814188,11.541886
6.61457,3.34522
5.592303,-0.257079
9.07879,7.49393
6.488619,3.359756
6.488619,3.359756
9.010583,7.477608
6.52128,3.3816
5.578502,-0.224798
10.288228,9.838596
7.78722,6.72798
9.91519,8.8912
9.14571,7.37831
8.945522,7.290483
5.740291,-0.013357
10.577385,7.46266
7.455121,3.917706
5.646432,-0.002832
4.918326,-1.764821
7.85874,7.51548
7.85874,7.51548
7.85874,7.51548
6.434736,3.421483
7.505073,4.545314
5.459459,-0.434403
9.061831,7.498811
6.533645,3.405762
6.363867,2.434402
3.835465,11.491509
6.61917,3.482015
6.514544,3.381042
3.835465,11.491509
6.683085,3.133771
6.434995,3.526955
6.465612,3.303017
9.064526,7.484144
6.480947,3.573276
3.835465,11.491509
7.441441,3.906778
9.02185,7.524055
5.589445,-0.247917
6.44797,3.32939
9.062755,7.51901
6.657202,3.293416
7.441441,3.906778
6.65824,3.31208
6.4556,3.56722
6.533645,3.405762
10.28537,9.8301
5.56096,-0.15116
5.119723,-1.278553
9.062755,7.51901
6.512009,3.387237
6.533645,3.405762
6.511815,3.389282
8.455395,4.593652
9.620132,6.54595
11.983389,8.541424
6.584653,3.332374
7.441441,3.906778
7.504628,4.545572
12.99066,7.62678
5.727287,-0.163776
6.426896,3.418311
7.51901,9.062755
6.514544,3.381042
6.58469,3.332383
4.80779,6.9822
6.58636,3.37287
7.330785,3.861651
6.609072,0.467239
6.488619,3.359756
6.13151,6.80698
7.14172,3.36442
