55.600612,40.651498
40.651498,55.600612
55.75581,37.614655
34.428826,-119.676608
51.579803,45.96875
55.776366,37.649023
55.755146,37.56026
55.70869,37.623131
55.735181,37.607789
41.321891,69.275922
55.753588,37.612252
55.737216,37.521148
55.791426,37.620878
60.008487,30.36968
55.777583,37.51336
55.75344,37.644805
46.487685,48.032888
59.839035,30.353006
55.75581,37.614655
55.805309,37.446771
52.275874,104.259694
55.745351,37.558765
55.75156,37.618389
45.20575,37.013443
55.757507,37.444175
55.791444,37.581525
55.757383,37.632217
55.757368,37.660854
55.781859,37.598605
55.781859,37.598605
55.891071,37.436513
45.720003,29.271018
55.741898,37.630051
55.037685,83.014575
52.269222,104.266737
55.870657,37.59587
55.897309,37.553244
55.753045,37.58764
52.269222,104.266737
55.726837,37.62574
53.28553,23.93466
52.269222,104.266737
55.882157,37.444407
55.731084,37.445559
56.74903,60.695961
55.759481,37.575002
55.770707,37.621694
44.943459,37.302748
55.753518,37.622717
55.804344,37.427609
55.969634,37.512642
58.846275,32.21278
56.504949,36.58183
59.939571,30.352905
55.79065,37.603267
55.75156,37.618389
55.754264,37.620192
55.705506,37.768596
55.713536,37.549294
45.720003,29.271018
47.211191,39.623309
55.753518,37.622717
53.545144,49.328474
55.776983,37.656991
49.68596,37.19939
54.629825,39.710773
55.736619,37.518954
55.760691,37.682354
55.709367,37.622252
55.827034,37.614226
55.75581,37.614655
54.724631,37.185102
55.019585,73.29892
44.56073,38.02399
55.863568,37.602818
52.26664,104.317013
55.76169,37.627401
51.812543,107.616831
55.850409,37.444217
55.725765,37.594801
54.213191,45.115112
55.75156,37.618389
55.863544,37.602101
44.20056,43.096867
55.710155,37.560119
55.735181,37.607789
54.504292,37.066301
46.66296,32.63884
44.499631,34.173405
55.777394,37.654223
61.52401,105.318756
56.657446,47.943337
61.52401,105.318756
55.764131,37.602214
57.999601,56.168702
55.870657,37.59587
55.734408,37.645812
50.327981,83.502432
55.710155,37.560119
53.631334,23.812164
54.213128,45.115054
59.934591,30.438824
50.519071,30.426135
50.697857,29.581172
55.66476,37.481834
51.844511,107.600417
60.038562,30.399188
55.771546,37.681502
55.744129,37.62779
55.757439,37.658689
55.719128,37.703329
54.979684,48.303295
55.845952,37.670002
60.01525,30.27598
55.775837,37.660317
55.701545,37.845175
55.889092,37.558973
55.830308,37.643726
55.963807,43.069839
12.941424,100.885419
43.618964,39.720939
55.757507,37.444175
55.757507,37.444175
55.98947,37.211733
55.821678,37.66039
55.762084,37.613956
53.515046,49.304206
55.606456,37.587507
55.68667,37.664931
55.709648,37.595291
55.611638,37.597423
55.757368,37.660854
55.700135,37.815288
47.922273,106.885163
55.821188,37.639418
55.743089,37.574631
55.824105,37.497883
44.830087,33.603493
49.438882,32.080781
47.922829,106.872336
55.909747,37.541163
55.763179,37.623076
55.761489,37.61755
55.770003,37.597159
55.662721,37.482139
55.765906,37.604767
52.798694,106.406078
45.720003,29.271018
54.504292,37.066301
55.749941,37.593327
61.740151,50.71619
55.753132,37.595397
55.756847,37.622297
55.765191,37.605236
55.777394,37.654223
51.589281,45.92322
55.761194,37.614709
55.788751,37.681341
51.47715,45.894974
46.499134,30.708497
55.712538,37.420804
50.327981,83.502432
55.785677,37.562334
41.952335,12.523475
55.753878,37.420571
55.728125,37.601223
55.788597,37.67927
55.785677,37.562334
50.36132,30.464543
52.425343,31.007914
56.818997,60.539554
47.637619,34.627618
55.740731,37.62543
55.754675,37.62135
56.123516,47.196403
55.756509,37.417662
55.749096,37.539768
53.307688,34.302332
56.847001,35.88315
56.7959,60.6313
41.952335,12.523475
56.8636,60.6309
41.952335,12.523475
57.9069,60.0439
55.898404,37.629955
41.952335,12.523475
55.773544,37.65594
41.952335,12.523475
55.736657,37.968589
55.752526,37.589121
55.752115,37.589765
53.683487,23.834929
51.201448,36.252022
62.054763,129.737902
51.201448,36.252022
55.022361,83.020673
56.04945,36.828939
55.814478,37.406969
56.8554,60.6119
58.55313,50.031239
55.728125,37.601223
55.765172,37.608467
56.8886,60.5271
53.622031,27.897643
55.751221,37.786617
41.952335,12.523475
25.290226,55.352937
55.851565,37.642078
55.744567,37.60545
55.807962,37.581096
55.808117,37.579112
55.723961,37.52877
55.776718,37.581525
55.757198,37.581347
55.674122,37.471744
55.858216,37.607285
47.119422,37.689412
55.887106,37.661347
41.952335,12.523475
56.8252,60.6432
56.8367,60.5987
48.379433,31.16558
55.759994,37.58635
47.252242,35.719121
55.75756,37.739012
55.767921,37.622898
56.8912,60.5905
55.987783,37.158489
55.75156,37.618389
58.001094,56.322054
43.286142,28.03942
55.843556,49.103053
41.952335,12.523475
56.8252,60.6432
51.168127,71.453874
55.870657,37.59587
55.757507,37.444175
41.952335,12.523475
55.49151,37.313272
41.952335,12.523475
58.006529,56.322001
41.952335,12.523475
55.757507,37.444175
41.952335,12.523475
55.741223,37.629446
55.744651,37.566011
59.964453,30.297785
55.76134,37.602696
55.75555,37.663143
41.952335,12.523475
51.544028,46.00988
55.795493,37.616103
55.778044,37.585772
58.001094,56.322054
41.952335,12.523475
55.778029,37.586057
55.729708,37.639418
49.68596,37.19939
54.991039,73.369458
55.735215,37.663043
57.996052,56.136393
55.747399,37.706966
59.962804,30.348391
41.952335,12.523475
45.006019,41.125375
55.760817,37.543976
55.799785,37.543716
41.952335,12.523475
41.952335,12.523475
52.702177,81.625436
58.019529,56.280658
55.603687,37.494686
55.737622,37.698312
55.744428,37.630502
64.540038,39.77189
56.019314,92.802205
58.006529,56.322001
40.385925,71.787062
41.952335,12.523475
55.78131,37.65132
55.737622,37.698312
41.952335,12.523475
54.977802,82.878563
55.740731,37.62543
57.996091,56.136406
55.880429,48.900743
55.704623,37.765236
53.627034,91.639264
41.952335,12.523475
55.762846,37.595941
55.548286,37.55528
56.242082,95.778498
53.896551,25.299127
53.504833,49.391208
58.010988,56.241799
55.790022,37.805694
55.719936,37.677045
55.788906,37.806516
55.741736,37.861256
55.757114,37.616694
59.931433,30.34902
56.36692,43.807955
55.828756,37.356109
55.744651,37.566011
50.306581,57.160638
55.719123,37.664573
54.697005,20.517637
55.760156,37.598167
40.386111,71.786959
53.229318,50.179851
54.520223,37.078415
55.777756,37.586256
55.82983,37.6318
55.863528,37.602566
60.109247,30.42752
54.932639,37.46059
55.612026,37.732565
56.36692,43.807955
53.893942,87.121876
55.758764,37.766136
55.737622,37.698312
55.75156,37.618389
55.710336,37.559385
54.988867,73.274384
55.761823,37.658129
41.952335,12.523475
55.728125,37.601223
55.696385,37.809701
55.67573,37.561249
55.638388,37.766389
40.387042,71.786445
56.863238,35.956903
52.253193,76.993986
55.72385,37.656419
55.688518,37.665032
56.809851,35.911092
53.856321,27.465171
55.814413,37.406953
59.915094,30.446737
54.697005,20.517637
55.736631,37.605944
59.915052,30.446501
55.727028,37.630442
55.75156,37.618389
54.697005,20.517637
41.952335,12.523475
45.329463,28.867154
55.740967,37.610602
55.752388,37.585999
55.847385,37.476511
55.760841,37.631789
55.74168,37.778592
55.817226,37.463796
55.814441,37.406942
55.737524,37.606864
41.303487,69.250174
55.75581,37.614655
55.671988,37.488388
55.744845,37.740655
55.602887,37.28219
54.629718,39.70993
55.605215,37.286203
55.760579,37.619569
55.75728,37.594947
54.684288,25.278076
57.821035,27.637592
51.660706,35.659585
47.222466,39.71793
57.821035,27.637592
41.303487,69.250174
41.303487,69.250174
55.731122,37.834234
55.575632,38.208135
53.20331,45.012518
55.785551,37.664909
55.712695,37.888746
41.952335,12.523475
60.109247,30.42752
55.776335,37.649377
54.991838,82.857856
55.733936,37.627672
55.88205,36.876601
55.569186,37.57674
55.568228,37.575631
54.991838,82.857856
40.386111,71.786959
55.74723,37.757081
53.525253,49.288426
56.280944,43.988059
55.761591,37.619586
55.755351,37.617896
56.785633,53.382183
55.740641,37.612617
60.021641,30.270545
48.379433,31.16558
55.738709,37.526422
54.937369,82.895943
55.850409,37.444217
51.998105,85.893645
55.755825,37.617298
55.568228,37.575631
55.564709,37.578993
55.794719,37.676561
43.436201,39.915218
59.888027,30.330698
56.125223,47.253109
51.168127,71.453874
55.728125,37.601223
55.764224,37.603691
48.379433,31.16558
59.888027,30.330698
50.411055,30.624947
56.016597,92.986717
55.750907,37.555304
55.966934,37.415068
55.86671,47.459753
43.910779,39.328776
55.773544,37.65594
55.762366,37.609141
55.728559,37.224546
40.585826,-73.929969
56.806877,53.242549
48.52165,35.056196
54.981539,73.319018
41.952335,12.523475
55.613165,37.694714
55.750907,37.555304
55.850409,37.444217
55.728565,37.224531
40.206783,23.320824
55.116972,36.582011
55.755363,37.550497
48.280261,46.162945
41.952335,12.523475
54.744219,55.952265
59.94066,30.277344
52.321902,35.369893
55.796545,37.799892
55.776983,37.656991
55.759532,37.580945
55.753245,37.599445
60.154945,59.942028
55.746179,37.567309
53.41035,49.523569
55.751982,37.572019
43.55183,7.01529
55.75156,37.618389
53.41035,49.523569
55.666403,37.533631
55.728125,37.601223
55.710742,37.720407
52.25152,104.253335
55.709606,37.541484
55.734194,37.543569
54.966435,73.397227
56.81917,60.559286
54.747824,37.235391
52.459413,39.483075
48.280261,46.162945
56.87329,53.203215
55.611638,37.597423
53.690423,88.051263
50.697857,29.581172
56.836533,60.592896
50.697857,29.581172
50.697857,29.581172
50.697857,29.581172
53.957383,87.375454
50.697857,29.581172
50.697857,29.581172
45.354241,42.851608
58.000162,56.210318
41.952335,12.523475
55.787111,37.584301
55.75156,37.618389
43.221207,76.918893
61.760029,34.431296
55.716393,37.457651
53.136041,26.01551
51.231079,48.770439
59.906667,29.076815
58.004323,55.965845
42.790394,46.499756
60.048757,30.407679
55.782139,37.591818
55.889753,37.615929
55.004179,83.018665
48.379433,31.16558
55.414266,37.900858
53.896594,27.65271
55.744651,37.566011
55.610211,37.588083
58.004323,55.965845
41.952335,12.523475
55.710199,37.558993
61.004719,69.041207
44.72737,37.765841
55.753045,37.58764
50.697857,29.581172
55.724186,37.543545
53.534459,49.33141
55.713918,37.742948
55.856677,37.431907
64.534186,40.542821
55.711737,37.559474
46.230695,35.245886
52.469788,31.03565
55.80351,37.572661
55.729708,37.639418
52.469788,31.03565
53.28553,23.93466
55.78577,37.440492
55.856677,37.431907
48.379433,31.16558
52.469777,31.035551
53.319592,50.313978
55.821188,37.639418
55.772337,37.572627
53.250632,50.262835
46.230695,35.245886
46.647046,47.884443
55.75156,37.618389
54.504292,37.066301
44.49507,34.16793
45.354241,42.851608
56.227171,35.642588
50.467827,30.631401
53.88073,27.493415
44.484584,34.159544
44.484584,34.159544
45.001696,41.910465
55.746624,37.767213
55.989842,37.217335
55.824531,37.94448
55.741076,37.628818
55.682647,37.723136
44.49507,34.16793
54.504292,37.066301
48.33096,37.827223
55.873174,37.564151
51.59655,46.226722
54.230569,49.549043
55.762456,37.603174
55.769938,37.620915
48.459843,34.918422
53.715452,25.50313
51.59655,46.226722
59.876026,30.384967
45.033061,39.139834
59.861866,30.343128
55.662371,37.33013
55.807413,37.581093
55.672964,12.588061
48.252262,23.368587
50.697857,29.581172
58.03377,56.138591
55.755384,37.804271
57.924017,60.118152
55.637077,37.763865
46.647046,47.884443
53.636378,23.856347
55.757434,37.443952
54.642672,39.650656
55.041339,73.313724
55.749888,37.544972
55.781026,37.626436
47.113364,37.520778
50.404735,30.652768
55.041339,73.313724
48.148021,37.301221
43.911621,12.914772
53.861744,27.522272
55.696391,37.852556
46.975033,31.994583
50.342162,30.294459
49.05158,33.208616
55.770707,37.621694
45.629195,38.940375
55.763766,37.640791
55.977094,36.827871
55.850409,37.444217
55.850041,37.443574
55.041339,73.313724
50.697857,29.581172
51.795456,55.217335
55.607742,37.520006
55.735181,37.607789
55.822222,37.50086
55.801089,37.54342
45.00395,37.285171
47.119422,37.689412
49.956603,36.283483
55.764224,37.603691
55.612026,37.732565
55.710709,37.55996
47.818944,35.040307
55.728125,37.601223
47.218084,39.690202
45.326114,42.847545
52.469816,31.03562
52.469826,31.035607
52.469816,31.03562
55.939939,37.319482
55.789457,37.749185
55.756847,37.622297
55.542656,37.724089
43.741313,51.139367
55.904233,37.713808
52.598563,39.57703
52.598586,39.576967
52.469772,31.035581
41.952335,12.523475
52.469761,31.035548
52.469761,31.035548
49.962977,36.334658
53.696222,23.852236
52.469772,31.035581
40.866981,14.295318
55.792686,37.582625
55.659754,37.604211
50.510117,30.511632
55.568251,37.57588
55.814468,37.40696
55.424259,37.542591
54.712383,25.253213
53.863242,27.60048
53.929056,27.591153
55.433401,42.514596
52.469802,31.035587
68.230531,14.567121
42.864636,74.619919
40.386111,71.786959
55.843681,37.569479
52.469757,31.035585
48.790712,44.58163
52.469842,31.035634
55.037685,83.014575
56.794108,60.516381
53.929027,27.5912
53.821008,27.717848
51.569489,46.102772
52.469752,31.03558
40.386111,71.786959
50.509528,30.453285
52.469826,31.035607
55.686887,37.575587
55.87524,37.698029
55.789405,37.615174
55.574863,37.579529
52.469804,31.03562
55.773293,37.751312
52.469757,31.035585
55.715677,37.553802
55.756559,37.621844
55.75604,37.659277
52.46979,31.035538
55.75604,37.659277
55.755943,37.599463
56.876473,60.508271
52.46979,31.035538
40.00144,23.570769
52.469805,31.035605
55.775342,37.65594
43.41364,39.977151
47.481015,34.655007
52.469798,31.035565
55.756847,37.622297
52.469771,31.035551
51.390523,46.036836
43.697095,7.270682
52.469798,31.035565
51.390523,46.036836
55.428543,42.514073
52.469771,31.035551
53.861884,27.470404
49.979937,36.152719
52.469792,31.035582
55.760579,37.619569
50.085615,45.359997
52.469773,31.035568
48.466744,36.454824
52.469777,31.035599
55.978054,37.147098
55.849982,37.442775
55.606572,37.533975
55.747015,37.545519
50.419493,30.425705
47.217592,39.696014
53.890807,27.550634
48.464937,36.446775
47.281032,39.80841
55.62239,37.5913
55.564709,37.578993
55.669262,37.765562
55.852142,36.967412
55.775154,37.585223
54.966671,22.371223
55.849682,37.523066
55.56722,37.569466
44.013721,41.863767
56.340288,43.879511
63.929117,65.053213
56.018293,37.19921
55.564709,37.578993
56.8351,60.5992
55.633124,37.518152
56.8316,60.6636
54.820632,56.067996
57.635018,39.863028
46.775086,36.783718
55.709224,37.670709
55.749313,37.537065
56.294003,38.118588
54.716324,25.251652
56.832,60.5898
50.413639,30.548942
55.892594,37.615082
50.413639,30.548942
53.451151,-6.207284
56.7959,60.6313
56.8636,60.6309
55.741581,37.59868
57.9069,60.0439
51.425697,0.061347
56.329845,44.009289
50.413677,30.548911
50.413677,30.548911
52.272569,104.354453
51.476443,46.159854
54.774999,56.033445
68.857707,33.014777
55.736631,37.605944
50.413639,30.548961
50.413639,30.548961
35.724383,-83.496674
47.913828,33.336771
55.798817,37.615356
47.913791,33.336836
55.919647,37.989494
59.998863,30.278408
50.41364,30.548976
50.41364,30.548976
48.025744,33.47477
55.776198,37.553253
55.727798,37.554458
52.276675,104.358462
55.738889,37.57084
53.691272,23.811078
55.337667,86.147354
61.479008,129.129463
55.75156,37.618389
54.84133,83.093047
55.822366,37.647083
64.280252,34.387132
55.75156,37.618389
51.168127,71.453874
52.465251,31.03281
56.845777,35.802473
55.939939,37.319482
55.755786,37.617633
62.040428,129.729289
54.492736,36.213384
55.379925,86.087169
-7.777191,110.389519
46.361042,48.060637
55.75156,37.618389
42.864636,74.619919
55.773544,37.65594
55.75156,37.618389
47.91739,106.927894
49.987645,35.710219
47.91739,106.927894
55.75156,37.618389
55.75156,37.618389
55.75156,37.618389
49.987645,35.710219
47.91739,106.927894
52.675341,41.900925
47.91461,106.911014
40.6024,-73.999971
59.998863,30.278408
48.470069,135.074171
55.000525,73.295052
55.414266,37.900858
52.310664,104.334627
53.835474,91.335429
47.910302,106.91255
47.910302,106.91255
56.84299,60.622124
55.864436,37.520285
55.768353,37.489366
55.75156,37.618389
55.751206,37.58402
54.322512,48.471068
55.602887,37.28219
54.322503,48.471039
55.578509,37.594477
55.801098,37.537749
56.518961,85.03852
59.957121,30.313367
47.223376,39.727372
54.695419,55.998905
55.773544,37.65594
43.680309,39.599703
58.006529,56.322001
55.041242,82.94985
54.90713,83.072746
55.752079,37.596331
55.713176,37.620386
55.665204,37.719986
55.739819,37.433868
53.704995,84.927053
55.753518,37.622717
55.769071,37.584846
53.725368,91.780907
58.030079,38.86749
55.697821,37.545433
56.320479,44.036816
55.062546,38.744411
54.001146,86.543499
47.888431,40.073996
55.75156,37.618389
55.673441,37.443336
56.507418,27.342901
47.910302,106.91255
55.773977,37.608459
55.705348,37.816158
56.232387,95.710398
56.232387,95.710398
56.834545,60.612332
55.773354,37.549807
55.777394,37.654223
56.834545,60.612332
55.75575,37.583038
55.771875,37.636451
55.869778,37.664963
41.359892,69.389352
55.757368,37.660854
55.825508,37.638179
55.791173,37.488034
62.032906,129.74446
55.754869,37.590469
51.085291,-113.999178
50.01458,36.220089
55.75156,37.618389
55.728303,37.643748
55.825508,37.638179
55.86276,37.682934
55.761646,37.653115
55.616812,37.709954
55.859707,37.484407
59.719079,30.077847
55.780821,37.451941
54.428352,56.025639
54.06004,44.948912
47.259972,39.804994
55.751221,37.786617
55.779397,37.585108
55.754162,37.782681
55.036611,82.929362
55.753518,37.622717
50.697857,29.581172
50.697857,29.581172
50.697857,29.581172
55.805997,37.588088
53.30067,34.309083
55.712426,37.417331
57.156143,65.537754
55.757023,37.751091
55.765746,37.685573
50.697857,29.581172
55.815752,37.821167
55.739641,37.529834
55.741336,37.529872
55.773544,37.65594
43.425604,39.927729
55.846395,37.579531
55.757755,37.582547
55.017217,73.346164
55.608887,37.583284
50.697857,29.581172
47.918542,106.942676
55.744382,37.634034
55.852177,37.387083
55.677851,37.466726
55.697821,37.545433
40.778898,72.35041
55.744959,37.678664
50.697857,29.581172
55.661658,37.52086
55.707172,37.8351
55.411644,37.905165
55.654143,37.752196
55.738552,37.607993
55.621704,37.485852
55.697453,52.333242
55.697446,52.333115
55.673496,37.443243
55.853374,37.439317
55.794786,37.712803
55.595974,37.174613
55.773085,37.488377
50.697857,29.581172
55.673496,37.443243
55.691884,37.663269
55.77718,37.717393
56.8636,60.6309
55.673496,37.443243
59.974453,30.424165
54.271952,36.162705
55.780821,37.451941
55.757839,37.615664
56.975428,52.175751
55.868415,37.593524
45.012154,38.963916
55.736096,37.637787
55.843832,37.440339
56.7837,60.6524
55.602887,37.28219
55.789303,37.680788
55.760579,37.619569
55.762318,37.603619
45.005909,41.125422
45.005909,41.125422
55.783087,37.709858
56.8406,60.6812
55.822791,37.605729
55.822863,37.609034
55.650354,37.388243
55.732059,37.753451
55.882293,37.519925
47.845887,106.726039
55.80953,37.636446
56.8204,60.5686
55.602887,37.28219
55.673921,37.501914
46.975033,31.994583
55.749624,52.394381
55.75156,37.618389
57.440379,56.952021
55.749693,52.394424
55.732059,37.753451
41.302034,69.24793
57.158742,65.487018
41.302034,69.24793
55.611152,37.600576
48.715688,44.508483
59.0077,61.9316
55.829456,49.150868
55.719936,37.677045
53.223869,50.19369
56.146064,47.251081
55.745705,37.662115
55.623187,37.590531
48.715688,44.508483
55.8037,37.54973
55.777394,37.654223
55.775221,37.586838
56.8435,60.6464
56.8378,60.5968
50.442799,30.497196
52.174024,9.825994
52.183648,56.552276
55.773544,37.65594
43.128979,131.901247
55.75156,37.618389
55.727835,37.583858
55.757144,37.616436
54.489862,30.423178
55.814384,37.406887
55.78728,37.616
56.517349,85.058001
62.68213,129.690108
55.806213,49.144807
55.642603,37.749453
55.699355,37.811138
55.678199,37.450387
55.421026,37.487419
50.413632,30.548933
55.602887,37.28219
55.605802,37.287024
58.013672,56.203177
55.877501,37.688025
55.743996,37.565458
47.82977,107.163437
47.82977,107.163437
55.696788,37.745232
62.032906,129.74446
57.96128,56.178752
55.612817,37.702742
55.847961,37.678756
59.896134,30.272728
55.71593,37.815205
55.736096,37.637787
55.67124,37.759282
55.684402,37.578244
55.769743,37.653594
55.622726,37.597612
55.785167,37.585217
46.6558,32.617802
55.805835,37.804803
45.113826,35.48643
55.753132,37.595397
55.753386,37.595736
55.743641,37.568404
45.0333,35.3833
58.023962,56.003523
48.393681,35.036192
55.716886,37.660071
55.845321,37.667408
55.749096,37.539768
52.527302,103.887279
55.378034,35.977869
55.378034,35.977869
41.224779,69.215549
55.870613,37.712835
50.45537,30.378405
54.121864,37.561157
55.870736,37.712961
55.829997,37.524148
55.753518,37.622717
55.713233,37.67484
55.71369,84.92539
55.744972,37.549692
55.749096,37.539768
52.527302,103.887279
55.707506,37.623754
55.786566,37.608199
56.849363,35.845208
53.907613,28.005997
55.748915,37.539575
55.814462,37.406957
55.766777,37.602228
55.894836,36.824737
55.761502,37.598663
55.736096,37.637787
55.809246,37.827167
55.730003,37.628685
55.764901,37.701548
55.678311,37.545033
55.730003,37.628685
55.753518,37.622717
46.905112,37.112676
55.777117,37.63965
48.942307,24.172153
55.731084,37.445559
55.730003,37.628685
56.832,60.5898
56.347533,30.525929
54.200132,37.61384
55.230698,36.682442
55.630074,38.961536
56.851812,53.204985
59.879243,30.320134
55.895298,37.528298
54.5211,36.268005
45.465508,9.219614
54.401768,48.303446
55.741313,37.770232
55.757929,37.680348
56.8416,60.6604
55.7368,37.589121
55.7274,37.627745
55.883626,37.600145
55.887215,37.563395
53.255265,104.951508
55.718071,37.548587
55.817805,37.626484
55.741136,37.62478
55.761849,37.627718
55.730003,37.628685
47.893674,106.88445
55.268013,61.396059
55.707963,37.808797
55.681864,37.853479
55.730003,37.628685
55.741289,37.620477
56.7888,60.649
55.730003,37.628685
61.52401,105.318756
55.569186,37.57674
56.243392,43.401405
55.801065,37.812597
56.7017,60.8363
56.520292,84.979564
51.469921,45.919078
56.8367,60.5987
55.7274,37.627745
55.730003,37.628685
55.767472,37.673664
56.029141,92.769524
56.8406,60.6812
55.773977,37.608459
55.651811,37.395635
55.7274,37.627745
55.611391,37.603421
55.663136,37.545498
55.666779,37.578574
56.243392,43.401405
55.752246,37.671426
55.786228,49.186855
55.755203,37.600719
55.755505,37.600461
55.748753,37.539109
55.812433,37.498546
55.769645,37.669759
55.769964,37.651327
68.95826,33.070285
46.965651,31.965473
54.762216,83.0984
56.349528,41.284303
48.477708,135.273401
55.740428,37.597471
55.742276,37.655818
56.8191,60.5709
55.730003,37.628685
55.654816,37.764173
54.980548,73.322438
55.730003,37.628685
43.339219,52.849825
34.856527,32.362598
52.469752,31.03558
55.652919,37.402498
55.661272,37.664051
55.775315,37.655951
53.534459,49.33141
68.95826,33.070285
55.7571,37.71371
55.74877,37.721646
55.846241,37.663085
55.826159,37.757476
50.014845,36.23512
56.320479,44.036816
36.829282,28.303614
55.708297,37.625352
55.740625,37.622295
55.744651,37.566011
53.209266,34.671964
56.500287,36.585983
52.789906,52.264999
55.818975,37.579075
48.514746,34.575529
55.81255,37.639258
55.760193,37.61413
55.768593,37.59952
47.921367,106.935832
55.745014,37.617466
55.770575,37.608465
59.937924,30.232603
55.628481,37.660618
55.887024,37.603029
50.411046,30.625019
68.95826,33.070285
41.322539,69.255051
55.742973,37.566204
55.75156,37.618389
12.896265,100.86944
51.522377,-0.259675
51.536018,107.343086
55.761304,37.608948
55.984459,37.445111
53.702499,91.68119
55.773432,37.649138
52.464741,31.021271
55.772309,37.660542
55.737389,37.613438
68.972108,33.078396
55.733944,37.588431
55.747547,37.625678
55.802467,37.755538
55.639167,37.795239
55.575523,37.669451
50.411041,30.625132
55.744651,37.566011
55.585337,37.644082
55.784662,37.455947
55.784662,37.455947
53.402775,83.991418
55.744081,37.567184
47.780425,35.211129
55.603493,37.491124
68.972108,33.078396
55.75156,37.618389
55.865823,37.474399
55.852137,37.354582
55.889765,37.537515
56.359735,43.787548
53.582516,24.280235
55.803295,37.618582
52.973945,36.070304
43.093399,131.906208
53.972958,86.748527
55.731677,37.506981
55.614835,37.491638
55.583145,37.596034
55.792236,37.607323
52.971839,36.067632
55.762799,37.77284
44.40373,33.90003
43.725625,10.390689
43.388065,132.170877
55.66742,37.477305
55.818465,37.498649
55.740992,37.651262
44.40373,33.90003
55.928357,37.521735
55.853879,37.450693
55.822856,37.639605
55.731329,37.432109
55.603687,37.494686
55.603493,37.491124
55.605118,37.712578
44.40373,33.90003
52.469772,31.035581
61.542216,129.177599
59.938975,30.282394
68.95826,33.070285
52.968466,36.069521
68.972108,33.078396
55.754238,37.817331
55.74687,37.788828
55.78131,37.65132
55.836362,37.367721
55.697249,37.81382
55.657682,37.767645
55.846241,37.663085
48.503171,135.175054
55.73452,37.744311
55.874252,37.568736
52.968466,36.069521
55.739269,37.508191
55.740416,37.874994
53.186159,50.12126
56.635199,47.924517
43.031054,131.893858
43.031054,131.893858
55.710237,37.656959
55.664322,37.469687
52.004594,47.803868
51.661803,39.20116
56.083296,47.275885
62.036388,129.732428
51.535335,46.026025
55.732054,37.632652
51.655515,39.152272
43.031054,131.893858
55.741094,37.549863
55.752079,37.596331
53.638729,55.97028
59.998853,30.363717
55.564374,37.586512
55.819685,37.490572
50.697857,29.581172
50.495602,30.511226
55.732054,37.632652
55.731329,37.432109
55.744651,37.566011
59.350024,30.073127
55.749458,37.537601
55.895298,37.528298
55.759271,37.644972
55.754144,37.611995
50.697857,29.581172
55.695894,37.665526
52.969927,36.070948
53.234361,44.942029
55.850409,37.444217
59.947734,30.30562
55.840387,37.487398
55.83254,37.482368
55.765191,37.605236
54.898612,52.261466
55.702116,37.528021
35.659491,139.699993
53.914943,27.598962
55.692726,37.560922
52.327899,40.065098
55.752381,37.613497
55.731737,37.71689
55.721285,37.794954
55.756245,37.615299
55.741626,37.654084
55.702116,37.528021
55.684988,37.585816
47.903502,33.419915
55.799262,37.584606
48.803706,132.896818
53.204419,-1.155265
55.708654,37.622058
55.722887,37.565196
53.534261,49.295126
57.992572,38.86805
59.915844,29.091167
48.803706,132.896818
55.770071,37.824913
55.710874,37.684748
55.924202,37.381067
45.0333,35.3833
48.714614,44.53107
56.823,60.6392
55.739474,37.664904
55.804909,37.58484
55.757368,37.660854
55.732197,37.620814
55.917881,49.144765
55.044671,82.952929
55.736268,37.517023
55.73201,37.647259
56.8099,60.6087
50.034288,36.238604
56.8183,60.6506
54.976866,73.374985
55.757368,37.660854
48.660455,44.440589
55.757259,37.658751
54.846507,83.104246
54.941528,20.154655
55.752352,37.592261
57.591448,39.844985
55.759342,37.618808
55.597663,37.589859
55.762149,37.608776
55.763123,37.607594
55.75156,37.618389
55.537568,37.532516
55.776983,37.656991
47.90351,33.419904
55.537884,37.52316
55.538382,37.522881
55.753921,49.231396
55.760285,37.657361
55.753921,49.231396
55.754854,37.634246
55.753921,49.231396
55.69965,37.623077
54.997846,82.869714
55.76169,37.627401
55.774437,49.091227
55.760712,37.581182
55.773977,37.608459
55.754264,37.620192
55.75581,37.614655
55.753921,49.231396
55.753921,49.231396
55.061988,82.892127
55.670228,37.554703
55.772086,37.622766
55.538005,37.515821
55.604326,37.491209
55.621832,37.607881
55.602887,37.28219
55.797831,49.106913
55.773821,37.612209
45.052909,35.374629
53.109157,49.951823
55.753921,49.231396
54.964077,82.936199
55.7924,37.527983
55.86276,37.682934
56.945671,65.189582
47.916146,106.891519
55.845383,37.666118
55.762084,37.613956
56.003999,92.929515
47.916146,106.891519
56.851812,53.204985
56.629067,47.895819
55.654735,37.843072
55.603687,37.494686
55.738736,37.664161
55.754675,37.62135
55.753921,49.231396
55.732547,37.60294
48.139004,11.581377
55.709648,37.595291
55.782522,37.720335
55.709851,37.54612
41.227234,69.217707
54.378662,48.569397
60.015758,30.252114
55.835238,37.40863
55.702368,37.848466
40.410434,49.845688
55.657876,37.475985
55.782522,37.720335
46.406423,30.707828
55.603687,37.494686
55.75156,37.618389
55.791901,37.571938
55.75156,37.618389
59.941203,30.395854
55.809385,37.464774
55.619413,37.508832
55.835238,37.40863
56.972073,23.809227
55.756245,37.615299
55.869535,37.509983
55.643678,37.404341
55.803669,37.744668
55.729893,37.601172
55.754264,37.620192
53.219101,44.890443
55.754675,37.62135
55.779079,37.576708
53.219101,44.890443
55.757144,37.616436
55.852663,37.648005
55.718835,37.676088
43.696667,7.328472
55.65258,37.597039
55.762265,37.63467
38.103031,-0.800752
55.741245,37.655854
56.838128,60.603526
55.869617,37.664073
55.655026,37.648687
55.776935,37.660119
55.677778,37.643967
55.728125,37.601223
55.637303,37.694371
55.71611,37.586
53.915599,27.448632
55.744313,37.564681
55.754264,37.620192
55.728125,37.601223
55.710155,37.560119
55.854756,37.477512
55.745014,37.617466
60.037243,30.414846
55.658958,37.643332
55.77892,37.600332
62.000645,129.612477
41.22478,69.215533
43.578449,39.728645
55.758954,37.642223
55.758913,37.641996
55.75156,37.618389
55.753518,37.622717
54.755263,56.026634
41.224778,69.215551
56.083296,47.275885
56.00648,92.927234
55.740731,37.62543
55.919643,37.989495
55.727001,37.57983
55.59992,37.66562
56.828203,35.849482
55.757103,37.659091
53.865776,27.472555
57.994543,56.240983
55.851397,37.438488
55.728125,37.601223
56.828203,35.849482
55.746765,37.603133
56.828203,35.849482
55.753518,37.622717
55.771443,37.65126
48.854549,44.561384
55.753921,49.231396
55.775889,37.642369
40.387042,71.786445
55.80813,37.632903
53.903998,27.620156
37.950251,-0.733336
55.736501,37.590743
51.530333,45.985262
56.846013,35.913374
55.677609,37.46707
44.40373,33.90003
55.720459,37.623338
53.377092,45.078329
44.207091,43.135247
50.918165,128.502296
55.564709,37.578993
44.499631,34.173405
56.828203,35.849482
55.76274,37.576847
48.379433,31.16558
40.385925,71.787062
55.760535,37.576657
55.794193,37.676883
55.794719,37.676561
55.77046,37.598158
55.83401,37.63857
50.435211,30.381795
60.015918,30.252452
54.499653,39.951043
55.7509,37.595815
51.652093,39.125811
53.9,27.566667
55.795386,37.362156
55.756245,37.615299
55.697845,37.780989
54.978098,73.374423
55.777952,37.58719
55.787638,37.578757
55.547827,37.542837
55.787886,37.578694
55.788353,37.578802
52.183648,56.552276
55.811401,37.624744
55.609766,37.719787
55.403867,86.125381
46.952036,142.732572
55.612699,37.71997
40.387042,71.786445
55.704117,37.777163
56.828203,35.849482
47.231419,39.621474
44.892783,110.136222
55.710598,37.572182
55.821632,37.60427
59.799792,30.272312
55.758201,37.6109
55.788353,37.578802
51.557187,46.002456
40.386111,71.786959
59.888027,30.330698
41.224779,69.215547
36.611678,30.559349
44.013721,41.863767
56.828203,35.849482
55.811622,37.586779
59.888027,30.330698
60.050157,30.441626
55.715599,37.514919
55.808269,49.178176
56.840777,60.613858
55.68446,37.686671
55.751777,37.715979
55.75156,37.618389
49.987878,35.710358
50.432524,30.514256
47.809441,35.039086
55.821188,37.639418
55.721884,37.692759
55.853155,37.667108
55.795386,37.362156
55.817058,49.122368
55.753163,37.710821
55.756245,37.615299
55.74955,37.60923
40.386111,71.786959
54.750114,45.316901
55.779474,37.629073
55.647132,37.400637
55.742503,36.858245
43.024844,131.894212
55.816956,37.568422
55.54473,37.533612
50.896629,4.613373
51.484507,7.49587
55.748498,37.576064
55.794274,37.672715
55.75156,37.618389
55.755102,37.62535
55.809557,37.482541
55.759915,37.613947
55.68667,37.664931
40.387042,71.786445
55.730068,37.599647
44.67844,34.399227
55.804909,37.58484
55.767225,37.595429
55.75156,37.618389
55.756247,37.621559
55.75156,37.618389
55.783101,37.476608
55.829661,37.595
51.189063,71.405423
55.780711,37.68907
43.79062,11.271419
52.247548,104.275866
53.401163,58.985546
55.790179,37.606479
55.707232,37.657451
55.477345,37.298745
52.247548,104.275866
56.779,60.549
55.909667,37.725267
55.731677,37.506981
55.718272,37.612678
58.041817,56.187202
56.823,60.6392
55.170313,61.392462
55.471707,38.902929
55.697173,37.618438
42.563528,76.662989
46.904946,37.345409
55.471707,38.902929
55.730003,37.628685
56.8365,60.6156
55.719936,37.677045
39.902848,116.287886
55.722314,37.530118
55.778187,37.581267
55.757259,37.658751
50.697857,29.581172
58.007389,56.19925
55.875247,37.698033
55.875256,37.698047
55.74806,37.540753
55.70678,37.592726
57.997722,56.138226
55.747763,37.585909
53.990717,27.271966
55.707119,37.65873
55.756449,37.635035
55.627416,37.522556
59.223043,39.919858
41.351427,69.279118
50.697857,29.581172
55.75156,37.618389
55.710155,37.560119
55.75156,37.618389
56.8511,60.6418
55.745014,37.617466
56.8183,60.6506
53.074357,158.644721
55.869617,37.664073
55.861008,37.599711
47.902961,106.890401
53.137743,50.089576
55.770707,37.621694
55.764007,37.617732
55.726011,37.53529
52.209334,104.210975
53.84652,27.468065
55.735181,37.607789
55.836108,37.478993
55.613697,37.745495
47.913433,106.882525
55.776718,37.581525
55.733682,37.625804
55.759254,37.625109
50.894918,4.341536
59.888027,30.330698
54.176013,45.192347
55.756,37.643425
57.961333,56.178763
55.746851,37.493964
55.757259,37.658751
52.55657,24.456795
52.556612,24.456767
55.725794,37.617398
55.716112,37.646398
55.728125,37.601223
53.63676,55.96901
55.814459,37.406961
56.317126,36.5642
50.478148,30.427478
55.776468,37.502427
56.8346,60.5532
55.739438,37.473575
55.727335,37.470429
53.194694,50.090411
55.738539,37.647357
56.809847,60.61112
55.75156,37.618389
55.730003,37.628685
50.451484,30.522604
47.910455,106.899892
46.309633,44.28385
50.451484,30.522604
50.451484,30.522604
50.451484,30.522604
50.451484,30.522604
50.451484,30.522604
50.451484,30.522604
59.888027,30.330698
50.451484,30.522604
50.451484,30.522604
55.771873,37.579397
43.094723,131.968135
55.772506,37.618883
50.451484,30.522604
50.451484,30.522604
55.664794,37.481725
50.451484,30.522604
54.572747,40.087187
50.451484,30.522604
55.758883,37.708715
50.451484,30.522604
55.805954,37.502523
47.910455,106.899892
55.706246,37.593597
50.451484,30.522604
50.451484,30.522604
42.86792,74.586032
50.451484,30.522604
55.757928,37.634483
50.451484,30.522604
55.767742,37.825975
47.910455,106.899892
55.755309,37.617821
55.827082,37.441149
55.826335,37.436514
50.697857,29.581172
50.451484,30.522604
45.430215,40.545529
55.754264,37.620192
55.754264,37.620192
50.451484,30.522604
55.677826,37.562943
50.451484,30.522604
52.004594,47.803868
62.07782,129.735542
50.697857,29.581172
52.004594,47.803868
50.451484,30.522604
55.471707,38.902929
55.744428,37.630502
55.471707,38.902929
55.650948,37.75825
55.471707,38.902929
55.755786,37.617633
49.406241,26.991883
46.482526,30.72331
55.471707,38.902929
55.817475,37.487674
50.451484,30.522604
55.653591,37.62032
55.753518,37.622717
55.809238,37.462426
47.910242,106.900554
55.786837,37.600956
55.709734,37.668167
55.837764,37.615343
55.568251,37.57588
55.784513,37.559692
50.451484,30.522604
41.311226,69.276073
50.420954,30.550267
55.574863,37.579529
50.451484,30.522604
55.745705,37.662115
55.729708,37.639418
55.782353,37.621222
55.771157,37.51482
55.640435,37.608199
58.082784,56.39643
55.41686,43.810472
54.942813,73.379271
50.697857,29.581172
60.098766,30.248246
55.895204,37.621737
49.987878,35.710358
55.605148,37.587558
55.76274,37.576847
55.548286,37.55528
55.76117,37.579179
55.757259,37.658751
47.224388,39.728707
55.756466,37.637028
52.650257,42.725066
55.655963,37.541547
50.451484,30.522604
55.655963,37.541547
55.655169,37.594272
50.451484,30.522604
55.71988,37.67435
52.219826,104.304901
42.233562,27.771626
55.670906,37.49584
41.224757,69.215549
55.72734,37.624784
55.602887,37.28219
41.224756,69.215517
55.710798,37.879266
50.451484,30.522604
52.119047,26.092604
55.750606,37.599828
55.568251,37.57588
55.8165,37.785182
53.937426,32.830616
52.515417,103.853788
-7.777097,110.389362
52.440534,37.574375
50.451484,30.522604
35.030347,34.042466
52.515417,103.853788
40.387042,71.786445
55.816959,37.568512
42.58749,47.817534
54.846507,83.104246
55.804909,37.58484
50.451484,30.522604
55.82983,37.6318
55.729068,37.577727
41.351427,69.279118
50.451484,30.522604
41.224766,69.215526
55.692125,37.528031
55.566623,37.575724
55.782348,37.722601
55.782788,37.721515
41.224748,69.215504
55.781868,37.722678
48.481854,135.078149
53.947345,27.612501
52.137679,113.514369
59.833792,30.204224
41.315883,69.277111
41.224748,69.2155
59.944523,30.335612
55.744567,37.60545
41.224747,69.215501
55.564709,37.578993
55.764575,37.591952
55.71242,37.420543
55.771745,37.750397
55.745705,37.662115
45.081979,39.099072
41.224747,69.215501
55.829284,49.081909
55.742495,37.60991
54.67462,38.157861
55.702887,37.530756
41.224747,69.215501
55.896334,37.554888
55.731459,37.56027
54.713193,55.994291
50.114823,39.570916
53.855976,27.461188
52.469763,31.035574
57.997585,56.169844
55.710156,37.80321
55.746896,37.539365
50.451484,30.522604
39.511147,2.534146
50.451484,30.522604
55.722941,37.67978
55.753518,37.622717
49.784293,30.156111
53.850333,27.458754
52.469829,31.0356
43.719195,105.567281
52.46983,31.035508
54.258281,86.50502
56.016228,90.394304
53.989611,27.267158
52.469763,31.035574
52.469834,31.035504
55.56722,37.569466
55.564709,37.578993
55.752526,37.589121
55.752247,37.590749
48.717255,44.523671
53.947345,27.612501
56.945423,65.188022
55.736099,37.466984
55.734456,37.463465
50.451484,30.522604
52.469834,31.035504
47.998339,106.922461
55.850362,37.442934
55.752369,37.603261
57.152659,65.535138
50.451484,30.522604
55.730081,37.636344
55.744651,37.566011
55.699597,37.810343
55.611974,37.60111
53.533474,49.317594
50.451484,30.522604
71.979339,102.475125
55.82983,37.6318
59.095581,37.902773
50.451484,30.522604
51.792295,107.69112
55.730003,37.628685
52.470011,31.03558
55.763069,37.573421
52.470011,31.03558
60.035243,30.321419
61.52401,105.318756
55.787195,37.581792
56.715859,34.923604
55.775843,37.579798
48.302214,40.297033
55.710286,37.543995
62.032906,129.74446
55.728125,37.601223
55.726276,37.5576
55.772957,37.621456
55.538281,37.509613
55.622641,37.606008
47.290512,39.695439
55.747434,37.705971
27.098152,33.843341
55.244882,61.402068
55.741922,37.775681
47.51094,42.162946
54.962061,83.133991
55.758499,37.598462
55.756203,37.615423
55.755336,37.609348
59.799352,30.271457
55.778511,37.456632
55.775938,37.579355
55.743444,37.60854
50.451484,30.522604
55.730881,37.634998
55.749941,37.593327
37.574783,127.001351
55.775315,37.655951
55.723965,37.67748
55.662476,37.54688
62.540478,113.984317
55.656866,37.542204
43.572947,39.731452
52.528379,13.297185
52.528379,13.297185
52.528379,13.297185
62.044567,129.734747
55.760929,37.644653
52.528379,13.297185
55.803434,37.708559
46.970805,142.739829
52.528379,13.297185
52.528379,13.297185
52.528379,13.297185
55.711021,37.395012
47.937079,33.445894
52.528379,13.297185
47.918597,33.392426
55.8986,37.587057
52.528379,13.297185
55.718071,37.548587
62.025064,129.722866
51.550698,46.005174
55.741106,37.662946
55.64201,37.477069
52.528379,13.297185
52.528379,13.297185
52.528379,13.297185
55.760929,37.644653
52.528379,13.297185
55.809337,37.71349
55.698318,60.558564
55.74723,37.757081
55.756245,37.615299
51.550698,46.005174
55.753518,37.622717
55.757947,37.633474
42.712641,27.752059
55.748178,37.574358
55.668122,37.673407
55.728962,37.581422
52.528379,13.297185
55.647132,37.400637
52.528379,13.297185
52.528379,13.297185
52.528379,13.297185
52.528379,13.297185
43.347074,77.011966
55.741654,37.593892
41.659971,2.779913
60.052149,30.336771
55.735181,37.607789
52.528379,13.297185
52.528379,13.297185
50.393658,30.619297
55.598204,37.585099
55.805478,37.510929
55.755037,37.573156
42.604318,76.905347
55.75156,37.618389
52.461137,44.130243
44.692241,37.78823
48.25234,23.368521
52.528379,13.297185
53.874925,27.534748
50.451484,30.522604
55.780362,37.603025
47.916183,106.903866
52.528379,13.297185
44.692241,37.78823
42.867896,74.586047
55.75156,37.618389
52.528379,13.297185
54.629825,39.710773
46.230695,35.245886
54.738958,39.535399
52.528379,13.297185
55.740838,37.629516
55.75156,37.618389
55.782148,37.599635
55.649789,37.406194
55.749941,37.593327
51.511563,45.972803
52.528379,13.297185
55.746624,37.767213
58.54792,50.053338
55.751028,37.595901
55.766978,37.631747
42.233562,27.771626
55.747015,37.545519
55.762149,37.608776
55.618515,37.503426
55.701257,37.621662
55.753469,37.791248
44.413403,34.024159
56.300418,90.529319
54.514155,30.395838
55.703789,37.685471
54.703423,55.828794
55.960441,37.405864
52.528379,13.297185
55.757103,37.659091
55.757368,37.602607
55.751028,37.595901
52.528379,13.297185
53.723621,91.460652
52.528379,13.297185
43.887345,39.374977
55.728125,37.601223
45.019305,33.998024
50.451484,30.522604
44.412668,33.71493
52.528379,13.297185
54.315304,48.39903
56.125223,47.253109
55.753518,37.622717
44.723916,33.550395
58.601402,49.652227
52.528379,13.297185
51.522056,46.011665
55.740731,37.62543
48.703694,44.487601
51.476002,45.924936
53.72363,91.460647
41.339454,69.285738
53.519211,49.424829
55.66476,37.481834
55.745327,37.626894
47.493824,34.668251
52.798694,106.406078
56.029207,92.769643
55.740731,37.62543
55.847718,37.999155
55.778044,37.585772
55.75156,37.618389
55.735181,37.607789
54.703423,55.828794
50.451484,30.522604
55.777394,37.654223
44.839846,34.974873
55.705438,37.765718
54.905024,52.316162
42.873412,74.592657
55.862541,37.435814
55.778044,37.585772
47.893775,33.293076
55.930236,37.831127
55.759915,37.613947
51.451735,46.08304
47.905294,106.937769
55.885229,37.454023
58.374354,45.495476
55.837183,37.537198
55.795453,37.616544
52.528379,13.297185
55.880727,37.449732
55.729893,37.601172
55.714988,37.401302
52.528379,13.297185
55.705231,37.41128
48.388126,35.025219
51.605917,46.143143
55.780919,37.656311
47.964686,33.444598
52.528379,13.297185
56.277733,37.565002
47.964664,33.444603
55.75156,37.618389
55.801588,37.531989
52.528379,13.297185
51.675676,45.61802
55.880727,37.449732
55.729893,37.601172
55.706195,37.818896
55.73036,37.605257
53.783429,87.283896
55.786032,37.521893
55.809337,37.71349
55.757947,37.633474
55.681349,37.656951
52.528379,13.297185
55.754797,37.634333
52.528379,13.297185
43.797644,131.952445
43.605034,39.732319
55.852673,37.480288
55.773488,37.666098
55.821188,37.639418
55.759437,37.414712
55.764841,37.603412
52.528379,13.297185
55.76227,37.644632
55.825508,37.638179
55.742683,37.614291
55.744144,37.508869
55.723961,37.52877
55.804859,37.462173
55.765191,37.605236
52.528379,13.297185
55.751783,37.787976
55.719104,37.499701
56.651241,47.866922
55.752544,37.623153
55.728125,37.601223
55.720772,37.565876
55.60445,37.745241
55.747399,37.706966
55.818784,37.498666
55.744104,37.567008
55.768396,37.590473
55.686909,37.830521
55.736631,37.605944
52.528379,13.297185
56.011686,92.759918
55.766406,37.824779
52.528379,13.297185
56.334944,43.913294
52.528379,13.297185
55.75708,37.634479
56.021642,37.904104
55.750512,37.623847
55.780302,37.633184
55.796785,37.622599
41.311702,69.193152
56.481891,85.001598
55.759613,37.657249
57.528103,38.313812
55.728125,37.601223
55.58462,37.900296
55.710177,37.550261
55.752879,37.563092
55.836212,37.540578
50.451484,30.522604
55.743564,37.571783
55.761912,37.568781
55.762019,37.568132
55.730542,37.622337
52.528379,13.297185
52.469805,31.035605
55.718071,37.548587
55.719936,37.677045
55.76204,37.569852
57.120408,65.553355
55.709606,37.541484
55.753518,37.622717
52.047344,39.708772
58.052335,56.360038
55.746592,37.682186
55.748915,37.539575
55.741718,37.628524
55.846241,37.663085
55.74784,37.613111
55.75156,37.618389
55.602887,37.28219
55.822405,37.646906
55.684946,37.733799
55.766429,37.610543
52.528379,13.297185
55.842916,37.588305
55.749941,37.593327
55.979765,37.173893
55.803271,37.618732
52.528379,13.297185
55.842916,37.588305
52.528379,13.297185
55.612026,37.732565
55.803073,37.617665
44.984763,41.129089
55.763766,37.640791
55.809885,37.830702
55.816224,49.121825
50.140259,31.238584
55.735326,37.59342
55.809337,37.71349
53.78131,82.318796
55.66476,37.481834
53.78131,82.318796
55.637099,37.598873
48.586492,22.71121
55.82983,37.6318
55.845864,37.664467
55.757368,37.660854
55.892594,37.615082
52.528379,13.297185
57.604918,39.8173
55.809337,37.71349
52.528379,13.297185
55.747186,37.638745
52.528379,13.297185
55.79034,37.675259
53.916444,27.422275
55.76484,37.608622
55.724021,37.595705
55.758581,37.632905
55.757259,37.658751
55.728125,37.601223
54.258281,86.50502
55.728125,37.601223
56.091968,40.216839
55.734915,37.59352
55.747623,37.566955
55.711924,37.567901
56.091968,40.216839
45.005852,41.12559
55.750907,37.555304
54.719188,55.990276
55.737524,37.606864
53.457664,85.447925
48.379433,31.16558
45.00585,41.125588
55.924202,37.381067
55.787071,37.514877
52.528379,13.297185
55.664794,37.481725
55.778588,37.622049
54.743664,55.998072
55.801197,37.521572
52.410658,30.954674
55.709246,37.542
55.739717,37.61001
54.012635,27.678805
45.27171,36.942043
55.758146,37.406838
52.528379,13.297185
48.074261,44.160777
52.410658,30.954674
55.731182,37.856498
55.598814,37.538116
53.524479,49.284958
55.761962,37.633281
58.050183,56.087634
55.702743,37.567751
48.507497,135.109897
52.528379,13.297185
55.694026,37.817968
55.694806,37.810017
55.7443,37.566031
55.69397,37.817326
55.729617,37.636766
55.78577,37.440492
44.595192,33.494722
52.426361,34.769649
57.990631,56.194904
55.792185,37.447188
55.735326,37.59342
55.665072,37.477074
55.791788,37.605814
55.781827,37.718934
55.75156,37.618389
55.029206,73.278705
55.693125,37.53434
55.759798,37.613494
55.838844,37.65403
48.580791,35.124586
50.806609,10.214837
54.623666,39.752378
55.82983,37.6318
55.796326,37.513657
56.92557,53.182465
59.912687,30.358971
52.285707,104.298398
55.792185,37.447188
55.735748,37.824983
54.230515,49.549043
55.814244,37.476747
55.757198,37.581347
55.750907,37.555304
55.564709,37.578993
55.915258,37.730529
47.233209,39.729695
47.233209,39.729695
57.945388,102.732126
55.753518,37.622717
55.701989,37.555752
53.200713,50.189246
55.653412,37.611111
38.936006,8.93168
55.56722,37.569466
55.778324,37.601826
55.728125,37.601223
29.388256,34.80885
47.505249,42.164058
55.668703,37.591346
55.735181,37.607789
55.989661,37.232887
43.932563,39.297076
58.050183,56.087634
47.211938,39.665556
55.734127,37.589942
55.794916,37.572138
51.753696,36.220025
60.26591,37.972407
55.803085,37.560275
52.528379,13.297185
55.75944,37.612822
53.534459,49.33141
55.412083,37.545041
43.567981,39.733305
53.08179,7.397628
55.744651,37.566011
43.354459,76.986453
56.000817,37.212041
51.723576,36.137984
54.501473,30.37736
28.457083,-16.258466
56.8958,60.8176
52.528379,13.297185
55.809457,37.455111
54.792765,55.943694
53.542717,49.338419
56.8237,60.5054
55.724546,37.593488
55.756773,37.611067
53.274776,29.472504
53.956077,27.626024
55.746681,37.612295
55.785419,37.635293
55.635522,37.697901
52.469825,31.035569
48.517468,35.080872
55.879161,38.463585
55.716687,37.459296
56.8958,60.8176
56.8435,60.6464
55.848013,37.496918
68.915105,33.096719
55.735765,37.824997
48.770261,44.550117
55.761943,37.60201
55.757947,37.633474
55.735765,37.824997
40.387048,71.786499
55.848013,37.496918
53.825671,91.334166
52.528379,13.297185
52.469825,31.035569
55.827692,37.640125
55.949659,36.972117
55.923029,37.915927
55.739424,37.570874
50.528299,30.597546
55.807637,37.637843
55.740545,37.586321
53.006848,27.528991
50.528299,30.597545
55.764886,37.598259
55.794719,37.676561
61.262353,73.409847
53.875654,27.423878
62.080349,129.739511
55.792185,37.447188
52.469807,31.035475
55.744634,37.61864
40.387048,71.786499
55.949659,36.972117
55.75156,37.618389
55.792185,37.447188
56.242342,43.970428
55.728125,37.601223
52.528379,13.297185
56.120122,47.250448
55.757404,37.631435
55.857154,37.608304
55.764268,37.564153
55.728125,37.601223
55.808117,37.579112
47.505019,42.163808
55.792185,37.447188
55.808243,37.635505
52.528391,13.297186
52.344618,104.158369
55.620048,37.388191
55.767002,37.592983
56.777123,54.144771
55.809311,37.454987
56.8521,60.6046
52.469789,31.03556
51.868004,107.73535
56.8477,60.6629
55.775315,37.655951
48.615729,44.42355
55.694806,37.810017
64.575559,40.513275
55.889753,37.615929
48.615729,44.42355
55.694806,37.810017
51.868004,107.73535
55.656412,37.753629
28.037825,34.429131
55.659754,37.604211
55.751644,37.59819
55.781903,37.740345
55.738956,37.673203
55.644404,37.744376
47.662607,37.172056
48.615729,44.42355
56.979348,60.556933
55.753518,37.622717
48.643881,44.427357
55.768708,37.59388
53.450999,56.044612
55.744094,37.635133
55.850711,37.499623
55.807413,37.581093
52.528379,13.297185
44.550437,38.050714
44.550437,38.050714
55.582716,37.901195
52.528379,13.297185
48.525007,35.037107
55.634271,37.520446
44.550437,38.050714
42.284123,18.865295
55.735771,37.825053
52.528379,13.297185
54.904688,52.313308
55.736619,37.518954
44.579939,34.340154
54.716321,25.251765
44.550437,38.050714
44.550437,38.050714
44.552584,33.530211
52.410658,30.954674
44.550437,38.050714
55.850409,37.444217
44.550437,38.050714
48.544238,35.852881
40.40946,49.86904
37.564201,126.968205
55.759798,37.613494
55.768708,37.59388
44.550437,38.050714
55.765172,37.608467
44.550437,38.050714
55.737524,37.606864
61.797008,50.742768
48.726517,44.539721
44.550437,38.050714
55.670207,37.454988
44.550437,38.050714
55.831111,37.553943
55.710238,37.567492
55.77204,37.595882
55.839151,37.378547
44.550437,38.050714
48.544238,35.852881
55.728125,37.601223
55.770732,37.609377
48.544238,35.852881
52.528379,13.297185
43.254971,76.879068
55.753518,37.622717
59.931549,30.359462
55.422901,37.491875
44.579939,34.340154
55.75156,37.618389
55.786463,37.571003
52.469789,31.03556
55.754264,37.620192
44.550437,38.050714
55.568228,37.575631
56.979279,60.556973
52.528379,13.297185
41.623169,2.683923
55.542522,37.533073
51.512467,-0.233478
32.605769,35.306445
55.89426,37.587851
51.212579,58.655311
55.820862,37.476425
55.717059,37.822288
44.550437,38.050714
44.550437,38.050714
48.271433,25.955242
55.767118,37.598922
48.425496,35.022321
54.431414,86.432872
53.321023,34.306725
56.979247,60.556923
55.79376,37.587823
60.015788,30.25226
59.111418,40.073661
55.503502,37.595817
52.469829,31.0356
55.735771,37.825053
52.528379,13.297185
55.799785,37.543716
55.756245,37.615299
44.550437,38.050714
55.805963,37.402386
55.560949,37.688895
55.748214,37.582533
44.550437,38.050714
55.645328,37.521186
55.610211,37.588083
50.410982,30.625466
55.75156,37.618389
54.781638,56.120567
55.889092,37.558973
55.671111,37.518997
51.675485,39.144771
58.559957,50.037073
55.751825,37.820091
52.605778,39.577968
48.615729,44.42355
44.550437,38.050714
59.931549,30.359463
59.925058,30.313622
55.764268,37.564153
55.814455,37.406945
44.977557,34.090255
55.767397,37.568154
45.013854,41.902775
36.756844,31.444829
55.762778,37.613382
41.009274,28.958
52.528379,13.297185
53.251324,40.291545
55.749021,37.680957
53.922787,27.432038
55.753518,37.622717
56.280534,43.921473
53.250892,40.291814
56.280471,43.921774
55.809509,37.454324
36.854691,30.864283
55.809771,37.453881
55.810368,37.452426
55.573685,37.580651
53.947548,27.611843
44.550437,38.050714
53.620332,27.896284
55.790763,37.413855
50.610257,30.452277
55.755241,37.71596
52.528379,13.297185
55.789484,37.562685
55.728125,37.601223
55.763441,37.635427
54.617908,39.697887
43.497187,39.889828
55.76502,49.142995
44.924912,34.08745
59.383165,28.177581
36.854753,30.864261
53.513132,49.297643
55.810393,37.452042
55.778029,37.586057
55.76502,49.142995
36.603157,30.565973
55.754675,37.62135
58.087338,56.407042
55.883806,49.041388
55.778491,37.463326
55.796913,37.391759
48.408638,34.970911
53.904252,27.449401
43.039198,44.655751
55.874278,37.588157
51.571761,45.974202
55.029206,73.278705
59.986541,30.331122
51.777484,36.172119
53.890629,27.554753
55.744972,37.549692
58.022973,56.315104
58.022973,56.315104
55.75156,37.618389
50.439802,30.536622
53.861723,27.52236
55.739082,37.862473
55.900812,37.478665
52.528379,13.297185
56.827611,43.342474
55.753113,37.532729
58.377946,33.90332
55.029206,73.278705
55.653319,37.596717
56.586954,84.911714
56.846875,62.744664
54.98189,73.319736
56.099991,37.53145
55.715677,37.553802
55.83559,37.484279
55.858647,37.694263
55.604563,37.970339
51.536829,46.075012
52.130437,26.067546
55.693524,37.719382
52.073152,23.678538
55.864657,37.700479
55.655343,37.398789
50.091353,45.367988
60.266043,37.972296
55.603666,37.494326
55.029206,73.278705
55.83559,37.484279
55.789935,37.694354
55.756245,37.615299
54.782932,56.124807
28.084139,-16.734135
28.084139,-16.734135
55.848277,37.364376
55.742266,37.616694
55.776983,37.656991
55.780435,37.434883
55.718071,37.548587
57.132044,65.58229
55.730003,37.628685
57.131946,65.582065
48.795654,44.586
49.097118,33.421858
57.131968,65.582335
55.864659,37.700479
56.7944,60.6146
56.7634,60.8075
64.532076,40.528479
25.985461,-80.133711
55.864862,37.700927
62.080349,129.739511
55.756245,37.615299
55.771713,37.584215
55.753518,37.622717
48.952756,24.168415
55.864679,37.700526
55.864659,37.70048
56.8636,60.6309
51.484939,46.159363
56.8244,60.617
55.782171,37.599445
55.75674,37.598864
52.528379,13.297185
55.939939,37.319482
56.7888,60.649
55.782171,37.599445
56.8913,60.5887
54.501263,30.377256
57.131933,65.582249
62.080349,129.739511
53.521893,49.260349
53.521893,49.260349
57.131933,65.582249
53.863211,27.610116
55.75156,37.618389
46.060531,30.446143
50.320552,30.342536
53.860278,27.596813
52.882429,30.031382
55.663525,37.600689
40.770189,-73.989468
50.369895,30.197373
56.7535,60.7038
55.7284,37.611627
28.084234,-16.734126
51.53528,46.030835
50.34234,30.294642
50.029632,36.22131
50.35136,30.596481
55.75604,37.659277
55.74013,49.192561
50.49565,30.511248
52.469522,30.97015
36.574442,30.579706
50.49565,30.511248
55.61019,37.736872
50.49565,30.511248
55.603666,37.494326
54.125479,45.131249
55.416874,37.488685
55.864657,37.700479
55.790953,37.595569
56.000851,37.212086
55.742351,37.628978
55.741581,37.59868
55.790179,37.606479
55.75156,37.618389
55.761591,37.619586
55.730003,37.628685
55.416874,37.488685
51.683137,39.194504
39.7458,-75.5469
55.677506,37.597955
56.1183,47.457385
50.34234,30.294642
55.75156,37.618389
55.052844,82.924117
55.824746,37.51111
50.528362,30.627342
51.244643,33.177644
60.776006,28.656316
55.780568,37.65213
56.029192,92.76976
55.766066,37.559573
36.603157,30.565973
55.835711,37.657185
54.774492,83.097049
54.766537,32.086588
55.894103,37.474154
51.425809,0.061275
54.766537,32.086588
55.75156,37.618389
54.766537,32.086588
53.545371,49.343312
55.729395,37.811676
55.889611,37.615134
55.637127,37.7637
36.572113,30.580596
55.758776,37.62324
55.758324,37.64641
55.637127,37.7637
55.987742,37.232642
47.80749,35.048425
55.699333,37.811143
55.746914,37.640068
55.108708,26.866384
52.528379,13.297185
56.130029,47.252536
55.744567,37.60545
56.130029,47.252536
55.785542,37.594845
34.986325,135.761717
49.406241,26.991883
55.759342,37.618808
54.123184,37.584358
55.21548,30.222437
55.777394,37.654223
54.123184,37.584358
44.888278,37.31643
50.030877,36.226545
53.130473,26.0774
55.77727,37.520762
53.900581,25.256247
50.393658,30.619297
50.456004,30.624258
50.456004,30.624258
55.774956,37.729154
53.960345,27.616551
51.491715,-0.118849
55.820514,37.973336
55.764268,37.564153
55.751884,37.586925
46.587568,30.79506
53.922885,27.477807
55.746644,37.556891
55.99524,37.25459
55.753518,37.622717
55.814718,37.08833
52.528379,13.297185
45.092508,38.974366
45.364934,36.624059
45.092508,38.974366
55.75156,37.618389
55.616371,37.680561
42.032969,19.152257
45.105366,39.018267
53.209337,50.221968
55.618627,37.674228
55.749706,52.39446
55.763989,37.617929
55.737114,37.617016
59.926273,30.285627
55.749706,52.39446
62.130437,77.458
46.750689,36.789372
55.729395,37.811676
45.028752,38.987533
55.74396,37.630293
50.286398,127.527361
56.8735,60.6321
56.8244,60.617
55.731893,37.48907
48.724995,35.373814
60.93338,76.621243
55.772147,37.649502
55.772675,37.653065
52.528379,13.297185
52.456832,-1.926299
53.862893,27.432023
56.8365,60.6156
55.767536,37.628324
50.697857,29.581172
55.775315,37.655951
55.708424,37.521658
52.528379,13.297185
44.904647,37.321436
55.873924,37.715658
55.594358,37.544174
55.87758,37.687992
54.709937,20.502302
52.263254,104.239195
45.019958,41.922704
55.633124,37.518152
48.714681,44.580488
47.233209,39.729695
55.576597,36.700769
51.601797,45.992673
53.997692,26.984918
55.75156,37.618389
55.892594,37.615082
55.951149,36.899113
48.501831,35.930614
55.774263,37.819711
55.45658,37.752285
56.948109,24.007717
37.813926,-122.286773
59.731668,30.469032
55.74982,52.401672
51.840498,107.592616
54.694888,55.944757
47.919027,106.885552
47.919027,106.885552
50.451484,30.522604
50.697857,29.581172
45.778401,3.078928
54.694888,55.944757
55.752526,37.589121
55.752544,37.593404
46.4701,30.732178
46.47007,30.732245
47.922039,106.91898
46.470092,30.732187
46.470108,30.732297
56.583552,38.151024
43.595617,39.73079
62.021766,129.718501
62.021766,129.718501
55.964023,37.267775
62.025577,129.733672
55.809628,37.731569
52.031522,113.506319
54.629825,39.710773
55.755786,37.617633
55.75156,37.618389
55.777394,37.654223
52.528379,13.297185
62.021933,129.713265
55.926165,37.855461
55.75156,37.618389
62.050103,129.721864
55.857741,37.698871
55.76777,37.62189
52.289938,104.280378
55.719327,37.588072
55.784359,37.571121
48.482291,135.098098
59.889232,30.427199
55.646341,37.479509
50.451484,30.522604
26.215765,-98.247316
52.289938,104.280378
48.478086,135.072978
62.07405,129.753297
55.755351,37.617896
54.694888,55.944757
62.07405,129.753297
47.908892,106.908838
53.074425,158.644678
55.791173,37.488034
52.104964,113.482316
55.876368,37.45113
55.779393,37.652462
52.528379,13.297185
55.814795,37.632013
55.659989,37.409348
52.450348,30.996289
57.635033,39.862934
55.75156,37.618389
52.448702,30.997887
55.75156,37.618389
55.82983,37.6318
54.846507,83.104246
55.606803,37.592321
55.817805,37.626484
54.193064,37.616029
55.6932,37.586724
55.770225,37.595987
47.927988,106.815742
47.927988,106.815742
47.927988,106.815742
55.75156,37.618389
47.927988,106.815742
47.917631,106.926931
47.927988,106.815742
47.927988,106.815742
55.578509,37.594477
41.884985,-87.644776
47.927988,106.815742
55.924202,37.381067
56.110076,92.915564
55.75156,37.618389
55.75156,37.618389
47.927988,106.815742
59.632672,30.761902
57.634963,39.863182
47.914394,106.885132
55.501652,38.367926
52.528379,13.297185
55.501473,38.367863
47.914394,106.885132
47.914394,106.885132
59.889232,30.427199
55.713176,37.620386
47.914394,106.885132
55.75575,37.583038
47.922288,106.885198
55.745709,37.565083
44.950532,34.09815
55.741736,37.861256
55.660174,37.767481
55.850363,37.442024
41.265048,69.22333
44.950532,34.09815
44.950532,34.09815
44.950532,34.09815
55.773977,37.608459
53.217224,50.218076
56.320479,44.036816
55.600647,37.598859
44.911499,34.082889
44.950532,34.09815
57.896389,56.331986
55.735766,37.578079
55.034726,73.437206
55.864708,37.700589
55.796786,37.638801
46.64358,142.78758
54.774492,83.097049
44.962966,34.085316
55.773354,37.549807
63.369926,129.659725
55.731677,37.506981
55.761171,37.601995
60.18844,29.519316
55.761171,37.601995
55.75156,37.618389
58.018215,56.244209
56.541115,84.984162
58.018215,56.244209
56.798703,60.588085
41.265048,69.22333
55.759931,37.624033
53.520467,49.294718
55.75156,37.618389
56.257635,43.859106
55.913214,37.577781
54.193064,37.616029
55.756588,37.635543
55.729289,37.599067
55.731084,37.445559
46.348966,48.020491
56.320479,44.036816
54.779056,83.176307
42.710559,27.747472
55.668579,37.58223
54.193064,37.616029
52.528379,13.297185
54.904522,52.263073
47.927988,106.815742
43.790645,11.271545
55.731786,37.507185
55.731424,37.506123
45.020141,41.926377
55.673809,37.442972
55.846395,37.579531
54.193064,37.616029
55.673921,37.501914
55.80953,37.636446
55.776402,37.471816
55.783186,37.676926
55.753518,37.622717
55.994202,92.947388
55.695775,37.661044
56.281101,37.565674
54.718095,56.008894
44.950532,34.09815
54.06004,44.948912
50.556751,36.641899
55.704117,37.777163
55.761646,37.653115
56.626611,47.875989
55.880727,37.449732
55.769803,37.823969
44.950532,34.09815
51.959542,85.966513
55.846241,37.663085
44.950532,34.09815
55.844566,37.666385
55.780821,37.451941
56.841383,60.592183
55.8804,37.44952
55.75575,37.583038
51.838361,107.581166
36.981417,-121.907417
55.608887,37.583284
55.727749,37.614214
55.828101,37.595366
37.846482,27.252696
55.638718,37.673118
55.745949,37.858078
45.049822,41.983861
51.126241,71.416796
55.754264,37.620192
51.126241,71.416796
55.757755,37.582547
55.75156,37.618389
55.613165,37.694714
55.870248,37.532259
55.724974,37.62417
56.323113,43.952626
45.045923,38.958495
57.048806,65.716131
55.8432,37.439239
55.802467,37.640811
45.050094,38.96919
55.818784,37.498666
55.757023,37.751091
55.852056,37.643965
55.64316,37.585044
55.716112,37.646398
55.712188,37.478552
55.771205,37.63243
55.672737,37.500477
55.791619,37.590685
55.75156,37.618389
55.754866,37.667607
53.524856,49.334564
55.715256,37.788093
54.846092,38.254258
55.891996,37.600388
55.925804,37.799842
55.751692,37.541317
55.795514,37.455031
49.796654,73.093895
55.875539,37.452638
55.776718,37.581525
55.844955,37.453477
44.550431,38.050702
35.724543,-83.496689
62.003351,129.656349
36.854592,30.609563
52.983143,27.219633
55.760579,37.619569
55.821272,37.805843
55.819894,37.867412
55.976961,37.162419
55.778929,37.63262
55.721743,37.751698
55.75156,37.618389
59.49288,24.876223
55.74383,37.565732
47.224334,39.705019
55.860908,37.607269
55.827075,37.755994
41.326881,69.246956
45.019275,33.997928
54.975516,73.393919
55.760178,37.577139
55.887891,37.601912
50.030877,36.226545
51.847371,107.613893
39.653175,66.964395
55.624866,37.306944
55.8037,37.54973
55.75708,37.634479
55.778929,37.63262
55.817381,37.568453
55.785167,37.585217
41.32783,69.247241
48.464416,135.09273
41.327891,69.247192
40.580088,-73.957454
48.379433,31.16558
48.379433,31.16558
55.600749,37.65491
55.817381,37.568453
54.794811,32.042044
55.727835,37.583858
55.817381,37.568453
50.715268,39.420251
55.75156,37.618389
60.103638,30.432421
41.327625,69.247287
55.691884,37.663269
55.704418,37.646087
44.053472,43.06194
55.786586,37.636998
55.876796,37.643511
52.604006,39.601024
55.699985,37.624183
52.603418,39.600941
55.712761,37.748286
59.632672,30.761902
55.655266,37.398569
55.794153,37.592661
55.773544,37.65594
53.924539,27.546722
55.793673,37.492845
41.326844,69.247511
55.500043,37.729679
54.896245,52.374318
55.702164,37.61187
55.75156,37.618389
55.776935,37.660119
55.822526,37.537236
44.950532,34.09815
55.738789,37.820565
56.145382,47.222296
55.979765,37.173893
47.258317,39.772288
55.651242,37.725298
55.72713,37.466819
55.761177,37.643344
59.941707,30.381864
55.739856,37.530434
55.743589,37.531099
55.814451,37.406932
53.199411,50.113145
55.797446,49.103651
52.664448,35.713594
55.547827,37.542837
55.733169,37.570526
55.763025,37.605185
57.151077,65.589922
55.797831,49.106913
55.800256,37.585921
53.995847,86.549836
55.637127,37.7637
50.58409,36.581649
42.278219,18.838574
55.738008,37.662742
55.820885,37.628316
53.199411,50.113145
55.751927,37.623053
53.047057,27.599966
44.950532,34.09815
55.820885,37.628316
40.387048,71.786499
52.178653,21.017447
55.766777,37.602228
53.047057,27.599966
55.637127,37.7637
52.528379,13.297185
40.385619,71.787275
54.69797,55.994728
41.336095,69.285209
55.16159,47.937632
55.643505,37.411247
55.74723,37.545165
40.385905,71.78712
55.684988,37.585816
55.880067,36.575702
57.637179,35.476544
55.573685,37.580651
55.778243,37.455115
55.702887,37.530756
42.284108,18.865297
55.775024,37.656361
57.402862,21.590631
55.732547,37.60294
55.836386,37.575431
55.778243,37.455115
55.811025,37.560211
55.664225,37.627745
55.645573,37.479977
55.887175,37.650765
40.387048,71.786499
55.073414,82.974244
55.811025,37.560211
59.20575,39.837595
55.730482,37.6311
59.510612,34.199974
52.448702,30.997887
59.225225,39.862821
55.766815,37.60294
56.056593,37.335905
54.745184,55.991546
56.336612,36.728563
52.528379,13.297185
55.769964,37.651327
55.75156,37.618389
55.760689,37.79363
55.745719,49.128847
57.051497,65.703417
53.955404,27.676367
55.819705,37.501423
54.47632,36.056741
55.816713,37.565937
55.652933,37.62069
45.049822,41.983861
55.817318,37.60324
54.947964,82.841831
55.761304,37.608948
55.752526,37.589121
55.7304,37.630818
55.75156,37.618389
53.199461,50.113111
55.797029,37.537848
55.720798,84.83725
62.048969,129.747757
55.657535,37.573321
56.844465,60.618457
55.976961,37.162419
57.982016,56.223284
55.795892,49.109654
60.005941,30.347506
55.603493,37.491124
43.201423,76.899081
55.789484,37.562685
47.917525,106.909568
55.740182,37.65424
44.499051,34.168695
55.753518,37.622717
55.854625,37.501289
55.653782,37.416754
57.640398,39.945877
55.808493,37.464216
46.340283,48.067528
50.452529,30.635366
46.340283,48.067528
46.340283,48.067528
55.680626,37.511697
46.340283,48.067528
46.340283,48.067528
55.792958,37.632551
42.466591,75.94664
56.045546,92.934283
55.548058,37.545283
55.824342,37.497533
55.784525,37.470821
55.75708,37.634479
55.639509,37.757909
56.63027,47.875373
55.624612,37.661437
55.618279,37.668815
46.960684,142.738509
57.640398,39.945877
57.882833,59.956541
32.501664,34.922907
55.849925,37.434189
57.882833,59.956541
53.833832,87.188279
57.882833,59.956541
46.340283,48.067528
55.681264,37.621444
55.6849,37.62148
55.783564,37.632802
55.728491,37.619749
56.847001,35.88315
55.318418,37.159355
53.734733,27.848515
55.318418,37.159355
55.839037,37.573905
53.734733,27.848515
53.901387,27.449616
55.719795,37.6272
62.70121,129.674753
55.75581,37.614655
54.809834,55.67888
57.882833,59.956541
55.782333,37.463459
57.640398,39.945877
55.657658,37.496523
55.700971,37.567291
46.952036,142.732572
53.366921,83.695166
53.325915,50.305494
55.75729,37.631468
55.794719,37.676561
53.924554,27.556074
36.664024,30.561675
42.203639,18.949391
55.760211,37.658776
55.795956,37.616855
55.656641,37.541762
55.328403,86.127447
54.047166,61.627586
46.340283,48.067528
51.772483,55.104683
55.700971,37.567291
55.713182,37.791621
54.263662,27.121277
59.923534,30.24565
55.754871,37.655389
55.75434,37.610425
48.146111,33.54583
54.766537,32.086588
55.727798,37.554458
46.340283,48.067528
54.35908,48.378931
55.860524,37.50363
44.986113,41.129591
55.76854,37.644821
51.772483,55.104683
56.629071,47.757055
48.474689,135.070067
59.383165,28.177581
55.753518,37.622717
55.54343,37.555795
55.8646,37.585364
56.833654,35.903665
55.919617,37.370419
58.009414,56.237234
55.403867,86.125381
55.919617,37.370419
55.794719,37.676561
55.754675,37.62135
55.706194,37.660599
43.243205,76.942307
55.677815,37.684624
55.777394,37.654223
55.772266,37.474299
55.677815,37.684624
32.501664,34.922907
55.677815,37.684624
55.810347,37.011785
54.636984,39.763308
41.316018,69.232434
32.501664,34.922907
55.744651,37.566011
55.758159,37.409011
55.621042,37.66948
55.677815,37.684624
55.701545,37.845175
48.547215,135.050623
55.732265,37.635172
55.435346,37.551513
44.496061,34.16947
52.798694,106.406078
46.340283,48.067528
55.560548,36.701763
57.993719,56.210062
55.822671,37.613068
55.82983,37.6318
44.950532,34.09815
55.763599,37.560457
55.610917,37.719294
44.839127,34.960906
55.765643,37.612847
55.787195,37.581792
55.762149,37.608776
55.754264,37.620192
55.602887,37.28219
59.906389,29.066563
46.482526,30.72331
56.075361,92.933997
55.758324,37.64641
55.750135,37.616029
51.731891,36.137623
55.823331,37.612217
47.232133,39.691743
55.873924,37.715658
55.349636,86.092035
55.736957,37.636385
55.738026,37.658
47.917925,106.927109
55.752709,37.668439
55.750255,37.616501
55.537568,37.532516
55.782522,37.720335
50.091039,25.176817
55.536033,37.530202
55.663354,37.510672
55.691242,51.783478
53.153551,29.241558
42.777014,132.877747
55.604651,37.661132
54.318349,48.405143
55.75156,37.618389
55.538382,37.522881
55.758581,37.632905
55.538005,37.515821
55.793996,37.604415
59.906667,29.076815
55.990715,36.270708
55.82983,37.6318
53.517568,49.276328
55.74578,37.600141
50.400802,36.880046
57.640398,39.945877
55.780163,37.578628
55.795251,49.137127
55.019355,73.46827
55.751391,37.601373
53.517568,49.276328
46.482526,30.72331
55.728099,37.767232
46.810258,33.477377
55.74554,37.626905
59.965721,30.34957
54.932507,37.388248
59.933922,30.338953
55.718175,37.55878
59.383165,28.177581
43.111866,40.582162
55.772309,37.660542
55.869703,37.563853
60.114343,30.395667
59.994177,29.780471
55.737319,37.503998
55.823405,37.562836
54.633705,39.653693
55.64353,37.489964
55.845506,37.669586
55.883495,37.519226
55.728125,37.601223
34.102667,-118.350601
58.08869,56.401718
55.718175,37.55878
55.568228,37.575631
55.73481,37.565643
55.568251,37.57588
46.482526,30.72331
55.734033,37.588456
55.75696,37.536769
60.114343,30.395667
55.78941,37.586704
55.855482,37.68606
58.553056,50.031312
46.482526,30.72331
54.944722,20.146497
55.74649,37.681021
46.482526,30.72331
55.563993,37.571032
55.728125,37.601223
55.740993,37.823314
55.778166,37.512302
55.790621,37.737132
55.728125,37.601223
55.728125,37.601223
48.544851,34.932421
55.723328,37.384114
45.045465,41.969038
55.695894,37.665526
55.799262,37.584606
56.8532,60.5507
40.106046,65.361856
55.741982,37.758087
55.717627,37.648483
57.993719,56.210062
56.877445,53.216789
51.517315,-0.180193
55.889765,37.537515
45.045465,41.969038
50.697857,29.581172
56.8913,60.5887
44.896535,37.311693
50.697857,29.581172
55.771293,37.655084
56.8457,60.5597
50.697857,29.581172
55.797976,37.706151
50.697857,29.581172
50.697857,29.581172
50.697857,29.581172
59.854093,30.295978
55.77157,37.592672
55.692726,37.560922
56.8346,60.5532
55.777195,37.581493
55.777394,37.654223
50.697857,29.581172
56.236561,51.091027
55.569186,37.57674
55.793026,37.618908
56.9012,59.9522
62.025542,129.733777
46.340283,48.067528
55.874779,37.451225
55.753026,37.563041
55.854716,37.47689
50.697857,29.581172
55.771745,37.750397
50.697857,29.581172
55.835783,37.386045
53.927056,27.442923
55.738709,37.373171
55.835783,37.386045
57.192561,65.585399
50.697857,29.581172
50.697857,29.581172
55.683919,37.623228
56.019229,92.981269
55.787638,37.578757
55.757259,37.658751
55.787886,37.578694
58.553056,50.031312
56.8761,60.6197
50.261752,127.525682
55.740219,37.651863
49.985563,36.336608
52.734521,27.497246
52.734521,27.497246
43.21266,76.852598
55.748936,37.608635
55.773034,37.632698
55.886499,37.558535
55.817849,37.44029
37.727215,20.869873
56.79799,60.557852
55.724074,37.609398
55.746896,37.539365
55.777997,37.632986
55.754264,37.620192
55.757839,37.615664
46.30244,45.821574
61.740151,50.71619
55.781026,37.626436
55.708654,37.653322
55.794866,37.678864
53.222878,26.691736
55.369502,36.361556
55.74083,37.836132
55.74079,37.571477
50.697857,29.581172
57.882833,59.956541
50.697857,29.581172
55.744692,37.630356
55.712488,37.662005
54.768153,32.085654
55.699984,37.824562
55.728125,37.601223
55.728125,37.601223
55.963822,37.417824
55.762463,37.619054
55.959476,37.404627
55.728125,37.601223
56.825046,60.604865
57.86995,34.997388
56.07285,92.999096
55.816706,37.510588
55.663525,37.600689
55.746077,37.584293
55.777195,37.581493
55.602795,37.613287
55.75156,37.618389
55.749941,37.593327
55.760535,37.576657
62.044423,129.745805
55.602887,37.28219
53.359916,83.713583
44.950532,34.09815
55.575012,37.64666
54.633705,39.653693
55.545241,37.542
40.270659,68.828499
50.697857,29.581172
55.75156,37.618389
55.846349,37.664158
53.9,27.566667
55.914019,37.795678
55.78612,37.632365
55.790184,37.585229
50.697857,29.581172
43.113627,131.914493
55.748084,37.539502
40.270659,68.828499
52.474613,30.812464
55.61233,37.715338
55.565468,37.565389
55.675676,37.577699
50.556751,36.641899
55.639527,37.606351
55.85526,37.652909
47.915035,106.941563
55.778036,37.544917
55.703693,37.77909
55.829284,49.081909
40.387048,71.786499
56.79799,60.557852
55.744116,37.558578
43.255205,76.878998
55.864018,37.463572
55.600303,37.600074
55.791855,37.549937
55.752079,37.596331
55.618649,37.508075
55.75156,37.618389
55.752079,37.596331
55.686676,37.665061
50.697857,29.581172
55.669918,37.495612
55.565364,37.572871
43.65325,39.707889
55.670245,37.495681
55.737497,37.708078
47.229084,39.73304
55.603493,37.491124
55.846241,37.663085
55.669541,37.496606
47.228991,39.732417
62.037131,129.719636
56.118931,40.380549
55.743438,37.629615
55.851253,37.598185
55.863544,37.602101
57.636187,39.868427
55.61099,37.606705
48.379433,31.16558
56.118772,40.380342
55.75156,37.618389
40.270659,68.828499
55.485739,28.790979
55.811401,37.624744
55.788012,37.579647
55.7676,37.629878
47.921508,106.935855
55.624472,37.51402
54.504349,37.066792
50.697857,29.581172
55.773065,37.540575
55.761591,37.619586
53.38942,83.734608
56.8369,60.5932
55.669541,37.496606
55.624017,37.740318
45.203771,33.383388
55.736437,37.485738
48.379433,31.16558
55.747816,37.610109
55.755203,37.600719
55.755505,37.600461
55.744651,37.566011
55.794719,37.676561
56.8422,60.6373
51.260618,45.78061
55.801129,37.558877
43.030698,44.643663
55.769645,37.669759
50.697857,29.581172
50.697857,29.581172
44.295716,40.180482
54.631333,39.714974
55.538005,37.515821
55.538382,37.522881
56.829,60.636
55.877569,37.56235
55.757259,37.658751
49.992984,36.189914
57.961222,56.178947
55.914769,37.771068
55.777448,37.519373
55.537568,37.532516
55.677815,37.684624
56.8392,60.6146
50.697857,29.581172
52.939442,70.210152
53.534459,49.33141
55.675794,37.772251
55.744144,37.508869
56.8435,60.6464
55.622996,37.300844
55.729161,37.624026
55.618862,37.505649
55.664794,37.481725
55.840387,37.487398
53.846833,27.486586
55.743657,37.498199
55.737096,37.677607
51.674795,39.157107
55.726568,37.580937
55.763887,37.592082
51.68025,39.160408
55.728125,37.601223
59.472988,31.008102
47.921368,106.935834
48.521794,135.171478
55.749941,37.593327
55.750313,37.594855
59.924592,30.386467
56.79799,60.557852
53.700602,23.844631
55.987,92.98343
59.938893,30.394666
55.694026,37.817968
55.631951,37.535188
55.742345,37.617345
55.665206,37.75122
46.904949,37.34536
46.904949,37.34536
55.747816,37.610109
55.75575,37.583038
55.834521,37.569308
55.747816,37.610109
55.657022,37.541534
36.482507,32.107594
55.728125,37.601223
54.762248,32.097193
55.582639,37.472094
18.717873,-68.455054
55.75156,37.618389
55.603493,37.491124
51.682851,39.303478
51.706027,39.167824
37.513137,127.060028
56.024851,92.885489
55.656641,37.541763
48.015883,37.80285
41.270524,69.296764
50.50085,30.438893
55.834521,37.569308
48.391892,135.101353
55.706998,37.592211
55.763115,37.633895
56.008456,37.200398
55.763955,37.60872
52.753522,55.839241
51.532274,-0.056233
41.319904,69.207863
55.758714,37.611201
56.848216,53.301611
47.254985,39.803574
55.794273,37.588005
55.817536,37.488016
55.664225,37.627745
41.319904,69.207863
55.029567,73.286289
40.270659,68.828499
46.340283,48.067528
43.716198,-79.456102
54.784873,56.033709
55.731001,37.632465
56.02645,92.940087
41.286155,69.359299
55.654547,37.619234
43.716198,-79.456102
49.543421,25.582375
46.940276,142.743396
55.787234,37.58219
53.212997,44.971759
55.777394,37.654223
62.035553,129.718477
47.840896,35.119357
55.777394,37.654223
55.765781,37.604055
55.693396,37.535346
53.723632,91.460606
55.778345,37.512741
55.633452,37.765534
55.775315,37.655951
55.730366,37.633613
55.922732,37.394056
54.762248,32.097193
55.7676,37.621919
55.760691,37.682354
54.784873,56.033709
37.500268,127.027695
55.734094,37.587709
55.728125,37.601223
54.717709,20.500832
48.80015,35.302099
55.749096,37.539768
55.752743,37.565818
55.807946,37.581248
57.993719,56.210062
55.758569,37.620129
54.719431,20.487408
55.795453,37.616544
59.925592,30.395758
55.900458,37.544757
55.896519,37.555581
55.760156,37.598167
40.270659,68.828499
40.270659,68.828499
53.730135,84.903635
55.658548,37.432941
55.584965,37.722596
52.365743,104.219269
56.913801,47.907541
55.786837,37.600956
55.657022,37.541534
55.85058,37.64635
55.744651,37.566011
55.723024,37.566842
55.724931,37.570033
55.728125,37.601223
56.02645,92.940087
55.659726,37.750199
55.731104,37.557226
55.729892,37.753358
57.027099,40.986696
55.884978,37.390658
55.82983,37.6318
55.538005,37.515821
59.885757,29.865557
57.636388,39.868721
55.755786,37.617633
57.636388,39.868721
62.035551,129.718475
56.129332,47.268759
62.035553,129.718477
62.035553,129.718477
59.899308,29.075093
53.612342,55.913237
35.712222,139.771111
55.740731,37.62543
62.035553,129.718477
59.901997,29.069582
55.601917,37.553029
47.26207,39.718829
51.517492,-0.179958
55.709648,37.595291
55.75156,37.618389
62.035553,129.718477
55.776718,37.581525
55.667734,37.784029
55.891154,37.720218
55.700802,37.623733
55.585137,37.725077
44.989707,37.261963
59.931549,30.359463
54.627667,39.750333
55.759124,37.619147
52.235374,104.283522
55.845188,37.666862
55.719936,37.677045
54.6275,39.750167
55.569186,37.57674
55.663228,37.753295
55.568228,37.575631
55.770707,37.621694
55.650038,37.743165
55.757839,37.615664
48.379433,31.16558
55.717919,37.618829
55.775321,37.682525
55.752441,37.647899
54.596717,55.778351
55.728782,37.581989
48.379433,31.16558
55.753045,37.58764
55.826002,37.436527
55.615195,37.618426
51.663262,39.279259
55.75156,37.618389
62.022046,129.70154
40.385619,71.787275
50.391433,30.608311
55.773836,37.584001
55.757272,37.614409
55.734846,37.613227
55.744116,37.561677
53.717284,39.332304
67.57136,30.480875
51.496017,-0.163483
55.748335,37.583291
52.528379,13.297185
50.153613,30.738943
47.513605,42.153321
55.840387,37.487398
55.78949,37.752457
51.496017,-0.163483
51.496017,-0.163483
55.765954,37.632577
47.513605,42.153321
50.881858,26.450697
55.70175,37.534309
55.692125,37.528031
51.496017,-0.163483
47.513605,42.153321
48.379433,31.16558
48.379433,31.16558
51.517563,-0.179876
59.924592,30.386467
55.777649,37.628708
48.379433,31.16558
55.843187,37.495315
43.115309,131.879491
48.379433,31.16558
48.379433,31.16558
48.379433,31.16558
53.951214,27.683622
48.379433,31.16558
59.924592,30.386467
51.792905,103.044166
48.379433,31.16558
55.675673,37.506037
58.003378,56.215192
55.746077,37.584293
55.746624,37.767213
56.120194,47.198552
46.361079,48.053339
55.548359,37.542803
48.379433,31.16558
48.379433,31.16558
55.758682,37.645762
56.780242,60.566893
56.196316,43.842001
55.771145,37.632369
55.728292,37.438234
55.760556,37.618993
55.793794,37.515979
57.993719,56.210062
55.673277,37.501638
51.771965,55.092803
52.276284,104.346986
51.496017,-0.163483
55.71838,37.547775
55.820557,37.500506
55.757368,37.660854
55.751979,37.599445
53.343015,83.683149
55.757259,37.658751
52.346527,35.355149
55.963032,37.405945
52.133087,26.123776
51.496963,6.505024
51.496017,-0.163483
55.726785,37.671241
47.888431,40.073996
55.745379,37.668199
55.326989,86.120528
55.768535,37.583027
55.851262,37.575936
55.71838,37.547775
55.757368,37.660854
55.784283,37.73362
52.348864,35.362315
54.720132,25.246229
55.832005,37.469852
51.496017,-0.163483
55.602887,37.28219
48.379433,31.16558
59.924592,30.386467
54.93656,48.019444
55.756847,37.622297
59.924592,30.386467
55.735181,37.607789
55.714807,37.408783
51.496017,-0.163483
55.75156,37.618389
55.715183,37.408693
55.659726,37.750199
51.496017,-0.163483
55.789811,37.600016
55.75156,37.618389
55.7395,37.613593
43.115309,131.879491
42.203639,18.949391
55.968995,37.415314
46.973364,31.975081
55.85896,37.349825
55.649455,37.534506
55.620709,37.713841
55.808117,37.579112
55.75156,37.618389
62.019827,129.720737
47.513605,42.153321
55.744144,37.508869
55.585137,37.725077
55.744144,37.508869
55.749283,37.701547
55.69984,37.58013
55.759481,37.575002
55.755363,37.550497
56.161812,101.580845
50.414616,30.532208
55.749096,37.539768
55.835678,49.091853
48.379433,31.16558
55.755789,37.66517
54.937369,82.895963
51.851674,107.606891
55.735229,37.808075
41.075174,1.145768
48.379433,31.16558
55.743396,49.204286
41.075174,1.145768
55.750781,37.59617
43.164838,131.953454
55.75156,37.618389
56.650424,47.895931
53.166005,24.449335
55.846641,37.35943
55.749048,37.541313
55.846641,37.35943
55.739429,37.667283
54.809834,55.67888
55.870736,37.712961
55.639034,37.645386
55.061988,82.892127
55.710156,37.80321
51.496017,-0.163483
55.845174,37.666028
52.402698,30.829027
55.681455,37.587298
50.47228,30.413266
55.75697,37.602955
-8.379367,-34.975116
50.697857,29.581172
55.75581,37.614655
-7.777136,110.389315
55.870603,37.71279
56.112342,92.928268
55.597992,37.507538
59.69098,48.504103
55.848969,37.422284
55.79057,37.678857
55.744409,37.508824
57.423423,39.655102
55.776718,37.581525
55.761903,37.618846
55.761397,37.619384
55.791173,37.488034
55.643356,37.526238
55.761903,37.618846
55.808301,37.636315
55.694806,37.810017
55.759156,37.574462
55.743416,37.617686
55.759156,37.574462
64.575384,40.512812
55.75581,37.614655
56.056874,37.335246
55.749096,37.539768
55.739079,37.575355
55.685775,37.522624
54.937341,82.896171
55.755395,37.665597
55.875377,37.332053
55.612736,37.728209
56.460171,84.952228
55.734033,37.588456
53.074495,158.64484
55.795453,37.616544
55.752695,37.794428
55.746137,37.670639
52.490394,13.608226
55.761397,37.619384
55.851742,37.491877
55.844526,37.659746
56.838128,60.603526
56.165163,92.69868
55.761397,37.619384
55.618909,37.505994
55.747725,37.583853
55.817633,49.123724
51.758658,-1.255981
55.692125,37.528031
55.787638,37.499278
52.429663,30.994573
55.71216,37.605879
55.664394,37.627401
55.664225,37.627745
55.781539,37.637467
47.916302,106.907595
55.761397,37.619384
47.916302,106.907595
55.760579,37.619569
55.745327,37.626894
54.940984,73.338685
59.184924,37.541907
55.814795,37.632013
55.761397,37.619384
57.998417,56.206187
55.846241,37.663085
55.585137,37.725077
59.944614,30.3043
35.925454,14.477968
56.318203,43.992949
55.782655,37.626436
55.77918,37.600601
55.850409,37.444217
47.916583,106.910627
61.090225,43.140402
45.0396,41.952202
56.507427,85.040016
47.916583,106.910627
62.035553,129.718477
55.704024,37.822924
62.037897,129.738418
58.545202,50.057048
55.773544,37.65594
55.716996,37.634562
48.447738,35.044354
54.869823,69.142295
53.703493,91.681642
44.892623,110.135253
55.747074,37.579869
55.761397,37.619384
55.764577,37.63944
55.634834,37.518348
55.862541,37.435814
52.490369,13.608267
51.73401,85.421056
56.138783,47.477994
55.75156,37.618389
63.191357,75.439196
55.823689,37.527604
40.386095,71.787016
55.758146,37.618014
55.73791,37.631205
55.720283,37.822758
51.758658,-1.255982
54.193639,45.20568
50.670936,30.389988
55.803355,37.6948
55.861008,37.599711
55.761219,37.619505
59.931549,30.359462
48.015883,37.80285
37.574741,127.00147
55.862454,37.597332
56.834982,35.928726
53.519211,49.424829
51.167894,71.380011
55.819574,37.753312
55.795257,37.547131
37.574721,127.001681
48.015883,37.80285
55.622021,37.729246
55.709648,37.595291
55.75581,37.614655
55.773557,37.644378
50.034517,36.241188
55.743653,37.631301
56.034123,35.514529
55.825013,37.556847
55.825013,37.556847
55.715788,37.711041
55.825013,37.556847
55.825013,37.556847
55.859695,37.65933
55.767662,37.606195
55.825013,37.556847
55.825013,37.556847
55.825013,37.556847
52.490384,13.608235
55.704968,37.767498
55.846241,37.663085
55.802718,37.745
55.825013,37.556847
52.490285,13.608246
48.544406,37.433263
55.801303,37.745088
48.015883,37.80285
37.574728,127.001675
55.701989,37.555752
55.803355,37.6948
55.718538,37.738777
55.757368,37.660854
43.030698,44.643663
53.737892,27.327056
54.721974,20.4993
53.892065,27.550593
55.753518,37.622717
43.09554,131.979138
52.490392,13.608217
56.79799,60.557852
55.740351,37.689178
55.764986,37.811937
51.517431,-0.180071
45.146988,35.151735
47.25392,39.695476
60.934955,76.601599
55.793295,37.592725
55.881093,37.70515
53.897974,27.426324
55.75807,37.600143
56.332396,44.009555
38.328313,26.311691
44.575107,33.462778
47.225225,39.744172
55.75156,37.618389
57.608056,39.820654
55.496114,37.501332
55.825013,37.556847
52.490383,13.608228
55.776718,37.581525
55.80351,37.572661
55.709648,37.595291
55.830981,37.617705
55.78047,37.599813
48.015883,37.80285
55.828058,37.646649
55.805256,37.413319
60.123712,30.385811
55.803355,37.6948
55.825013,37.556847
57.009992,40.970207
27.910102,34.318272
54.703423,55.828794
55.863357,37.602765
55.752827,37.586836
55.54473,37.533612
56.119577,40.380442
55.792645,37.577995
34.398676,-119.511757
27.910102,34.318272
55.01041,73.257747
55.776983,37.656991
55.745244,37.627021
55.825013,37.556847
55.825013,37.556847
55.755803,37.523083
56.059482,85.602732
53.029185,27.592988
37.589137,-122.018613
51.846277,-8.488312
53.881904,30.211893
53.339208,83.780622
53.339208,83.780622
48.507274,44.565109
46.08028,30.47955
55.817478,37.487712
55.817471,37.487702
55.740838,37.629516
46.230695,35.245886
59.937382,30.302576
55.753556,37.53168
55.762107,37.639986
55.825013,37.556847
53.234409,50.210002
53.691891,91.674231
55.813821,37.411139
43.425604,39.927734
43.425604,39.927734
44.948413,34.099806
49.065001,33.411996
55.733224,37.646177
55.761591,37.619586
48.507274,44.565109
55.687387,37.682293
55.697228,37.577399
55.773544,37.65594
47.91469,106.940839
44.678501,34.399247
55.75156,37.618389
55.85012,37.441849
55.729611,37.73396
55.777445,37.586615
47.911871,106.933553
50.696586,40.054362
49.987507,35.709553
55.749096,37.539768
55.715788,37.711041
51.732037,75.327168
46.193927,30.330213
60.955423,76.576231
55.876847,37.464451
60.934955,76.601599
51.655064,39.143718
55.772132,37.588359
55.710286,37.543995
55.668341,37.61265
53.234409,50.210002
41.26571,69.197594
62.02933,129.745144
55.652855,37.595483
55.83964,37.389746
55.799923,37.584107
55.846036,37.358086
55.926478,49.205987
51.160178,71.414918
55.705008,37.820282
57.136977,40.593185
55.795928,37.489305
59.847882,30.137336
43.254197,76.84501
55.774313,37.820056
46.955116,37.276536
51.49729,46.120599
55.765161,37.602521
55.710155,37.560119
50.486914,30.72539
51.160178,71.414918
55.766232,37.65096
51.160178,71.414918
50.19978,35.956227
55.75156,37.618389
55.727959,37.658724
55.881016,37.449646
55.675087,37.580583
47.91469,106.940839
50.413632,30.548933
50.018335,36.335633
50.697857,29.581172
47.91469,106.940839
55.78428,37.67273
45.049221,41.9739
58.007606,56.233628
55.762956,37.596135
55.753518,37.622717
51.725707,36.138937
53.847721,91.3765
55.761397,37.619384
55.747725,37.583853
43.323769,45.737006
51.717722,94.431865
56.259166,43.855709
55.776718,37.581525
55.6386,37.543564
55.730289,37.642104
58.011295,56.241106
55.602887,37.28219
58.011295,56.241106
39.469827,-0.376368
55.763579,37.615718
55.681069,37.887897
55.75156,37.618389
55.701163,37.763873
42.713017,27.745721
55.788639,37.6792
55.728753,37.640791
55.729708,37.639418
51.506835,81.180371
55.767662,37.606195
51.614905,45.976951
55.600373,40.651093
49.445177,32.057768
55.741773,37.501669
55.63557,37.606152
55.794153,37.592661
55.763887,37.592082
55.75156,37.618389
51.779331,55.077431
55.720772,37.565876
55.845639,37.660382
55.75156,37.618389
55.769017,37.574983
55.75156,37.618389
51.873171,44.993323
55.870399,37.59338
55.757374,37.633957
53.278229,34.397952
53.23451,50.272476
58.011295,56.241106
55.728778,37.654116
55.777853,37.640645
55.784609,37.525204
55.122654,61.371673
43.425618,39.927734
53.307688,34.302332
55.599777,37.69119
55.75156,37.618389
47.777964,35.213274
46.43444,30.758916
55.729309,37.616233
55.819722,37.611667
55.77387,37.586528
55.78047,37.599813
59.979233,30.407081
55.807962,37.581096
55.75977,37.581697
55.730289,37.642104
59.834091,30.20374
55.730289,37.642104
57.912787,59.963714
40.40946,49.86904
55.846241,37.663085
50.697857,29.581172
55.75156,37.618389
55.758131,37.627314
55.989378,92.956343
55.846241,37.663085
55.757259,37.658751
55.731472,37.654889
55.706998,37.592211
55.846241,37.663085
42.288777,18.847093
43.259306,76.953234
55.808117,37.579112
55.029201,73.278456
44.678501,34.399247
55.029201,73.278456
50.697857,29.581172
48.756672,44.505799
55.757259,37.658751
55.029201,73.278456
55.71242,37.420543
55.79057,37.678857
55.690044,37.601824
55.75156,37.618389
45.057994,38.982561
59.887705,30.421157
55.052343,82.994156
55.771094,37.618861
55.764268,37.564153
54.731279,20.548225
55.052343,82.994156
43.301896,76.963605
47.91469,106.940839
55.057422,82.944427
55.776983,37.656991
55.775315,37.655951
50.465169,30.517817
55.709246,37.542
55.70175,37.534309
55.677829,37.68463
55.605687,37.289422
43.425604,39.927734
55.683952,37.6657
50.330434,24.20322
43.425604,39.927734
55.767002,37.592983
55.726885,37.449259
55.677829,37.68463
55.666403,37.533631
55.677829,37.68463
48.827303,44.655734
55.677829,37.68463
63.85647,123.848781
55.422901,37.491875
55.677829,37.68463
51.654845,35.670459
55.785724,37.665236
55.709648,37.595291
55.785889,37.664845
51.586699,45.939241
53.939649,27.665464
55.677829,37.68463
55.756987,37.598037
55.677829,37.68463
55.183597,37.902665
55.799425,37.482981
47.756318,39.932039
60.111299,29.958897
55.677829,37.68463
55.547607,37.520746
50.495627,30.511256
55.677829,37.68463
53.504833,49.391208
58.011295,56.241106
55.734033,37.588456
55.796913,37.391759
58.098576,56.280902
47.253922,39.695304
55.754854,37.634246
55.766096,37.607263
54.895693,83.071528
48.755917,44.507415
55.773623,37.639844
41.224779,69.215546
55.760929,37.644653
53.227737,63.617289
50.495639,30.511266
53.947965,27.696087
55.654254,37.84462
55.864337,37.54502
48.456759,35.046563
63.85646,123.848781
44.971515,34.053543
54.780496,61.265503
56.834112,35.910066
55.709648,37.595291
56.07464,86.070335
50.495595,30.511269
55.79063,37.61333
53.947965,27.696087
55.744144,37.508869
55.776983,37.656991
55.740918,37.628254
58.613112,49.608991
57.988623,56.248411
55.778661,37.588906
55.7985,37.584088
55.699212,37.845053
55.700135,37.815288
51.522784,-0.259266
55.749096,37.62444
60.016166,30.400067
55.96324,37.403855
55.883271,37.518932
55.619564,37.615557
45.035412,38.975394
55.605215,37.286203
47.899005,33.415712
54.302341,86.305107
54.302384,86.304936
59.949761,30.326369
55.647877,37.654094
48.632732,22.284169
55.677829,37.68463
53.905841,27.453471
47.513605,42.153321
59.953028,30.314412
55.762387,37.643013
55.749467,37.595975
55.73999,37.612764
55.831082,37.292469
55.779141,37.66446
56.057304,92.94509
55.76585,37.605258
46.357736,34.325029
52.277048,104.278009
55.856021,37.345487
55.328159,86.125171
55.741836,37.628248
48.574041,39.307815
59.946965,30.284635
55.749941,37.593327
59.950057,30.316751
51.529693,-0.077933
50.697857,29.581172
55.754264,37.620192
55.727811,37.57019
59.950057,30.316751
55.761171,37.601995
55.648783,37.759508
59.940374,30.313897
56.850083,60.671632
55.763887,37.592082
55.630176,37.515081
48.574041,39.307815
48.574041,39.307815
48.574041,39.307815
46.10433,32.543654
55.639802,37.75803
55.542522,37.533073
48.574041,39.307815
55.763532,37.594446
56.286517,43.929594
55.769283,37.669512
55.893279,37.615643
55.758215,37.830054
64.577483,40.515065
57.151077,65.589922
50.697857,29.581172
47.214621,39.713292
54.935008,82.913389
55.750283,37.592847
51.160178,71.414918
57.91936,60.092614
55.858051,37.50108
57.91936,60.092614
55.676371,49.097921
48.574041,39.307815
55.653319,37.596717
55.669284,37.518066
48.574041,39.307815
55.677829,37.68463
48.574041,39.307815
48.574041,39.307815
55.724777,37.608567
47.242255,39.851081
46.306044,35.31164
59.267642,39.887984
48.574041,39.307815
55.676371,49.097921
48.574041,39.307815
56.357262,44.0732
55.767533,37.600386
46.480957,30.736264
55.751656,37.641413
43.90758,39.324907
55.751656,37.641413
55.753518,37.622717
51.481943,46.151205
55.862749,37.608355
55.756245,37.615299
55.452701,37.852346
48.574041,39.307815
43.741628,7.415206
55.625802,37.503848
51.868,107.735359
50.05314,23.977059
37.589137,-122.018613
51.868,107.735359
55.799399,37.53155
55.757266,37.658429
55.819017,49.101792
